-1.8594017547634358
-16.381425233682098
19.014095390343684
-11.898787575217735
11.287503550073751
15.015173398037213
-19.916533983384426
-2.851807947630455
16.472736515061335
11.303562606711406
-15.974778287587288
-13.763187996273318
-16.445077273492196
-7.9397450821264925
-2.8840926445116892
12.683499777552896
-1.4494129239985654
-9.101971176854873
-12.02296400317219
11.169314816252694
-8.745676417031202
16.683826994258368
-6.82444820651034
-1.4730405509246012
11.481990339579621
5.505279453937469
3.029888343505448
12.034345352233629
-9.754990157004135
17.55687593921091
-2.5317339561613394
-16.543028393808502
-19.6509725083476
13.418815261750098
2.2071885154826916
18.889472856268277
11.602527288315638
16.10944687879399
-1.6003159755433884
-0.13748812695624935
0.4450484549892799
9.447647369998712
-3.247951888591814
-9.197299392815115
-10.994012746859019
2.1063377306477875
12.294087871025965
13.883723816981473
3.6735705183940013
7.91073772862681
-15.52065577497045
18.915236143262803
2.6090020201456987
-10.948127998825985
-18.1562093489979
-16.98235659702142
-17.263829207484864
10.89672054453974
-5.8445414774846896
-14.561799602540582
8.260226333164962
-13.026282433531442
-3.5767811744011837
-16.619091799643716
16.256222798829207
16.494292895225755
-13.52895767939064
-9.295447168882696
-18.064371131954168
-0.40007712265423123
-15.098526537942028
-3.8739726502209457
1.3516557380369143
-15.848876176301063
6.84798189259357
-6.492881610174436
-10.100217952469531
-0.15398529799545457
10.648602580877657
-3.056683887888134
-2.9900515448047287
-18.583459271299446
-3.4589313194210476
-13.75716512998351
14.776467365722262
-15.58120401749861
-17.221885626077203
-1.5347673326255062
16.344087120193862
-4.824249599855603
-3.9615526125158667
1.1089537442194022
6.616466801692784
-11.00512625548847
7.961155277960309
-6.832051995535181
-6.1720898216627305
-9.7730083353325
-3.441315180015124
-9.914996161971516
-12.554897456893567
-2.673557773271547
14.155657435576714
-14.448402725612475
16.497046710864232
