[[506.5, 0]]
[]
[[560.0, 2]]
[[13.5, 0]]
[[6.5, 0], [344.0, 4]]
[[16.0, 2]]
[[529.0, 6]]
[[21.0, 2], [19.0, 6]]
[[24.0, 6], [652.5, 8]]
[[14.5, 0]]
[[13.0, 4], [18.0, 8], [672.0, 10]]
[[9.0, 4]]
[[34.5, 6], [49.5, 8], [594.5, 12]]
[]
[[18.0, 4], [13.5, 8], [2.5, 10], [500.5, 14]]
[[12.0, 0], [23.0, 8], [15.0, 14]]
[[38.5, 2], [6.0, 10], [556.5, 16]]
[[22.0, 10], [23.0, 12], [17.0, 14]]
[[10.5, 0], [467.5, 18]]
[[7.0, 6], [24.5, 10], [2.5, 16], [16.0, 18]]
[[13.5, 2], [15.0, 10], [10.0, 14], [6.5, 18], [538.5, 20]]
[[7.0, 4], [23.5, 8], [17.0, 12]]
[[19.0, 2], [14.0, 20], [556.0, 22]]
[[8.0, 4]]
[[7.0, 0], [19.0, 12], [8.5, 16], [4.0, 18], [650.0, 24]]
[[20.0, 2], [13.0, 4]]
[[20.5, 0], [14.5, 2], [10.5, 16], [45.0, 20], [40.5, 24], [605.5, 26]]
[[25.0, 6], [8.5, 16], [24.5, 22], [24.0, 26]]
[[23.5, 6], [461.5, 28]]
[]
[[7.5, 0], [6.5, 10], [22.0, 14], [322.0, 30]]
[[12.5, 20], [15.5, 22], [15.0, 24]]
[[16.0, 12], [489.0, 32]]
[]
[[7.0, 2], [12.5, 18], [18.5, 32], [521.0, 34]]
[[3.5, 28]]
[[10.0, 2], [23.5, 4], [25.0, 20], [4.0, 22], [9.0, 26], [18.5, 34], [559.0, 36]]
[[16.0, 4], [19.0, 8], [24.0, 12], [21.0, 20], [46.0, 24], [22.0, 32]]
[[11.0, 10], [617.0, 38]]
[[18.5, 22], [17.5, 36]]
[[4.0, 18], [11.0, 24], [17.0, 32], [543.5, 40]]
[]
[[23.5, 8], [15.0, 22], [20.0, 26], [17.0, 28], [22.0, 30], [16.0, 38], [14.5, 40], [501.0, 42]]
[[13.0, 36], [21.0, 40]]
[[401.5, 44]]
[[25.5, 20], [19.5, 32]]
[[11.5, 2], [6.0, 8], [13.0, 20], [24.0, 40], [447.5, 46]]
[[19.5, 14]]
[[12.0, 16], [19.5, 18], [23.0, 28], [11.5, 32], [10.5, 38], [568.0, 48]]
[]
[[24.5, 32], [333.0, 50]]
[[17.5, 10], [23.5, 22], [9.0, 24], [13.5, 34]]
[[9.5, 36], [483.5, 52]]
[[5.5, 16], [21.0, 50]]
[[3.5, 18], [17.0, 20], [513.0, 54]]
[[24.0, 6], [16.0, 46], [12.5, 50]]
[[22.0, 16], [11.0, 38], [43.5, 40], [16.0, 48], [478.0, 56]]
[[17.5, 2]]
[[6.0, 24], [391.5, 58]]
[[7.0, 32], [11.5, 38]]
[[10.5, 16], [2.5, 18], [453.0, 60]]
[[4.0, 0], [15.5, 14], [6.5, 22], [19.5, 46], [19.5, 50]]
[[23.0, 34], [532.0, 62]]
[[20.5, 0], [6.0, 20], [24.5, 22], [25.5, 26], [5.0, 42], [25.0, 44], [11.5, 46]]
[[15.0, 2], [3.5, 4], [438.5, 64]]
[[2.5, 0]]
[[22.0, 34], [20.0, 38], [360.0, 66]]
[[20.5, 0], [13.5, 24], [21.5, 32]]
[[13.5, 14], [433.0, 68]]
[[23.5, 6], [13.5, 12], [19.0, 18], [4.5, 26], [1.5, 30], [23.0, 52], [5.5, 62]]
[[25.5, 24], [3.5, 34], [372.0, 70]]
[[18.0, 0], [1.5, 50], [17.5, 62], [18.5, 64]]
[[20.5, 8], [20.0, 28], [18.0, 60], [3.0, 62], [398.0, 72]]
[]
[[14.0, 38], [377.5, 74]]
[[25.0, 2], [17.5, 8], [22.0, 38], [9.0, 44], [21.5, 74]]
[[19.0, 4], [8.5, 12], [3.5, 22], [352.0, 76]]
[[25.0, 14], [9.0, 24], [38.0, 38], [14.0, 68], [6.5, 72]]
[[24.5, 60], [528.0, 78]]
[[17.0, 14], [10.0, 16], [4.0, 22], [14.0, 50]]
[[2.0, 4], [24.0, 24], [507.5, 80]]
[[14.5, 6], [3.5, 48], [9.5, 60], [13.0, 68]]
[[21.5, 38], [33.0, 40], [475.0, 82]]
[[19.0, 18], [5.0, 66], [23.0, 72], [14.0, 80]]
[[34.0, 26], [20.0, 60], [2.0, 66], [409.0, 84]]
[[2.0, 38], [22.0, 68]]
[[14.5, 48], [380.0, 86]]
[[9.5, 2], [21.5, 26], [13.0, 28], [18.0, 42], [19.0, 56]]
[[9.5, 30], [7.5, 38], [366.0, 88]]
[]
[[368.0, 90]]
[[25.0, 16], [18.5, 28], [6.5, 74]]
[[4.5, 28], [16.5, 88], [419.0, 92]]
[[8.0, 12], [21.0, 20], [6.0, 70]]
[[2.0, 18], [9.5, 38], [13.0, 62], [12.0, 76], [21.0, 82], [22.5, 86], [542.0, 94]]
[[2.5, 12], [21.5, 64], [22.5, 86], [13.5, 94]]
[[246.0, 96]]
[]
[[6.5, 2], [10.0, 28], [21.0, 30], [25.0, 56], [22.0, 62], [10.5, 80], [15.5, 92], [495.0, 98]]
[]
[[8.0, 18], [19.0, 28], [13.5, 36], [481.5, 100]]
[[2.0, 4]]
[[13.5, 12], [6.0, 40], [22.5, 56], [15.5, 68], [7.0, 78], [395.0, 102]]
[]
[[15.5, 16], [10.0, 20], [4.5, 82], [18.5, 92], [451.5, 104]]
[[18.0, 14], [25.5, 86], [22.0, 88]]
[[24.0, 0], [27.0, 52], [25.0, 54], [3.0, 80], [418.5, 106]]
[[21.0, 48], [20.0, 62], [13.5, 84]]
[[17.5, 64], [5.5, 74], [14.0, 90], [506.5, 108]]
[[7.5, 12], [3.5, 24], [5.0, 36], [12.0, 54], [13.0, 62], [16.5, 84], [11.5, 86]]
[[2.0, 30], [25.0, 32], [24.5, 90], [369.0, 110]]
[[2.0, 20], [19.0, 38], [23.0, 44], [25.0, 100]]
[[19.5, 40], [395.5, 112]]
[[18.0, 38], [15.5, 42], [20.5, 52]]
[[24.0, 46], [13.5, 62], [380.5, 114]]
[[16.0, 40], [16.0, 54], [8.5, 66], [1.5, 80], [7.5, 92], [10.5, 102], [20.0, 106], [24.5, 108], [3.5, 114]]
[[21.5, 20], [8.5, 28], [4.0, 36], [20.5, 44], [6.5, 58], [20.0, 66], [535.0, 116]]
[[4.0, 8], [24.0, 94], [1.5, 108]]
[[297.0, 118]]
[]
[[20.0, 28], [9.5, 34], [18.5, 42], [11.0, 68], [17.0, 74], [11.5, 94], [446.0, 120]]
[[9.0, 52], [21.5, 58]]
[[305.5, 122]]
[[25.0, 6], [8.5, 28], [3.0, 102], [4.5, 114]]
[[18.5, 38], [16.5, 78], [355.5, 124]]
[[11.5, 56]]
[[7.0, 12], [16.5, 14], [16.0, 50], [450.0, 126]]
[[5.5, 26], [19.5, 72]]
[[5.0, 38], [5.0, 102], [357.5, 128]]
[[19.5, 60], [9.0, 114]]
[[257.0, 130]]
[[9.0, 36], [18.5, 48], [19.0, 54], [20.0, 108]]
[[24.5, 14], [24.5, 60], [4.0, 122], [421.5, 132]]
[[6.5, 74]]
[[12.5, 36], [5.5, 76], [24.5, 96], [3.5, 116], [469.5, 134]]
[[5.0, 122]]
[[24.5, 0], [20.0, 92], [393.0, 136]]
[[15.5, 70], [13.0, 102], [9.5, 124]]
[[8.0, 10], [12.0, 60], [20.5, 100], [363.0, 138]]
[[18.5, 30], [24.0, 42], [22.0, 56], [21.0, 64], [1.0, 68], [8.5, 90], [9.5, 102], [17.5, 134]]
[[11.0, 62], [5.5, 112], [308.0, 140]]
[[14.5, 56], [6.0, 102], [12.0, 104]]
[[9.0, 28], [346.0, 142]]
[[9.5, 44], [17.5, 46], [8.5, 68]]
[[19.0, 66], [11.0, 130], [456.5, 144]]
[[25.0, 18], [20.0, 48], [4.0, 54], [11.5, 72], [14.5, 114], [10.5, 118]]
[[25.0, 26], [4.5, 66], [1.0, 72], [8.0, 82], [10.5, 98], [11.5, 110], [467.0, 146]]
[[3.0, 40], [15.5, 62], [18.0, 108]]
[[1.5, 20], [3.5, 54], [18.0, 78], [18.0, 122], [3.5, 132], [391.0, 148]]
[[21.0, 42], [13.0, 106]]
[[13.5, 2], [4.0, 50], [20.0, 58], [23.5, 62], [5.0, 80], [13.5, 120], [13.5, 128], [4.5, 146], [412.0, 150]]
[[13.5, 4]]
[[4.5, 40], [16.0, 116], [13.5, 144], [341.5, 152]]
[[16.5, 2], [8.5, 44], [3.5, 132]]
[[17.5, 8], [262.5, 154]]
[[21.5, 8], [6.5, 42], [23.0, 44], [14.5, 48], [8.5, 122]]
[[17.5, 4], [23.0, 138], [25.5, 150], [435.0, 156]]
[[22.0, 8], [24.5, 140]]
[[344.5, 158]]
[[10.0, 132]]
[[20.5, 10], [6.5, 148], [344.5, 160]]
[[14.5, 116], [7.5, 144]]
[[24.0, 56], [13.0, 110], [22.0, 146], [334.5, 162]]
[[2.0, 0], [24.0, 54]]
[[7.5, 28], [10.0, 86], [12.5, 92], [13.5, 98], [15.5, 126], [315.5, 164]]
[[24.0, 52], [22.5, 68]]
[[8.0, 20], [25.0, 92], [370.0, 166]]
[[11.0, 4], [11.0, 58], [22.5, 106], [18.0, 108]]
[[20.0, 128], [503.5, 168]]
[[9.5, 12], [7.5, 46], [25.0, 60], [8.0, 124]]
[[220.5, 170]]
[]
[[8.0, 26], [25.0, 54], [19.5, 94], [14.5, 168], [323.0, 172]]
[[6.5, 62], [21.0, 68], [2.5, 158]]
[[19.5, 56], [1.5, 82], [20.5, 118], [8.5, 138], [384.0, 174]]
[[10.5, 52]]
[[11.0, 88], [7.5, 146], [15.0, 150], [383.0, 176]]
[[23.5, 116], [10.0, 176]]
[[16.5, 16], [259.0, 178]]
[[12.5, 62], [13.0, 100], [5.0, 114]]
[[11.5, 38], [16.5, 130], [8.0, 172], [359.0, 180]]
[[7.0, 20], [18.5, 118], [19.5, 178]]
[[5.0, 10], [11.0, 56], [24.0, 142], [18.5, 158], [4.0, 172], [363.0, 182]]
[[17.5, 56], [18.0, 82], [10.5, 116]]
[[13.5, 136], [410.5, 184]]
[[15.0, 44], [25.0, 66], [6.5, 74], [11.5, 174]]
[[355.0, 186]]
[[6.0, 182]]
[[20.0, 22], [18.5, 64], [18.5, 136], [21.5, 156], [379.5, 188]]
[[23.5, 70]]
[[5.0, 104], [376.5, 190]]
[[13.0, 64], [14.0, 90], [8.5, 108], [5.0, 126], [24.5, 132], [9.0, 154], [13.5, 156], [9.0, 178]]
[[3.0, 38], [342.5, 192]]
[[16.5, 26], [13.5, 68], [23.5, 180]]
[[13.0, 10], [19.5, 16], [18.5, 24], [15.0, 48], [21.0, 186], [467.5, 194]]
[[6.5, 6], [25.0, 8], [5.5, 86], [15.0, 164], [22.0, 192]]
[[1.5, 38], [26.0, 94], [3.0, 116], [25.5, 120], [351.5, 196]]
[[21.5, 114], [9.5, 116], [7.5, 170]]
[[1.5, 88], [19.0, 116], [19.5, 128], [11.0, 184], [2.0, 186], [348.5, 198]]
[[10.0, 58], [25.0, 126], [10.5, 148], [19.0, 174]]
[[19.5, 42], [6.0, 52], [16.5, 194], [312.0, 200]]
[[13.5, 68], [14.0, 146], [11.5, 150], [11.5, 190]]
[[23.0, 86], [337.5, 202]]
[[15.5, 2], [5.5, 6], [2.5, 76], [13.0, 166], [2.5, 176]]
[[15.5, 116], [21.0, 150], [305.5, 204]]
[[23.0, 54], [14.5, 86], [10.5, 176]]
[[6.0, 46], [3.5, 112], [8.0, 114], [441.5, 206]]
[[21.0, 22], [20.5, 194]]
[[23.0, 22], [17.5, 170], [346.5, 208]]
[[20.5, 136]]
[[5.5, 196], [24.5, 206], [230.5, 210]]
[[39.0, 10], [2.0, 172]]
[[19.0, 0], [16.5, 16], [24.0, 26], [5.5, 44], [4.5, 170], [21.0, 190], [372.5, 212]]
[[17.5, 54], [13.5, 60], [1.0, 132]]
[[23.5, 12], [1.0, 66], [318.0, 214]]
[]
[[19.5, 18], [24.0, 34], [19.5, 36], [16.0, 96], [9.0, 104], [3.5, 148], [395.5, 216]]
[[20.5, 8], [19.5, 26], [1.0, 42], [4.5, 174], [20.0, 204]]
[[24.5, 10], [15.5, 18], [13.0, 48], [14.0, 144], [15.0, 176], [8.5, 216], [397.5, 218]]
[[16.0, 74], [14.0, 122], [23.5, 168]]
[[18.0, 92], [10.5, 98], [20.5, 142], [21.0, 148], [24.0, 194], [393.0, 220]]
[[35.0, 34], [4.5, 152], [16.5, 164], [2.0, 172], [14.5, 208]]
[[15.0, 84], [7.5, 132], [17.0, 134], [6.0, 160], [18.5, 182], [24.0, 196], [305.0, 222]]
[[13.0, 46], [4.5, 144]]
[[7.0, 12], [2.0, 20], [3.5, 128], [13.0, 138], [313.0, 224]]
[[2.0, 84], [13.5, 148], [13.0, 170], [12.0, 202]]
[[3.5, 168], [15.5, 220], [272.0, 226]]
[[9.5, 0], [17.0, 38], [6.0, 66]]
[[8.0, 68], [5.5, 86], [10.0, 98], [23.0, 194], [383.0, 228]]
[[16.5, 90], [20.0, 146]]
[[13.5, 122], [10.5, 128], [11.5, 228], [369.0, 230]]
[[4.5, 66]]
[[6.0, 120], [6.0, 146], [226.0, 232]]
[[2.5, 92]]
[[23.5, 36], [14.0, 142], [15.5, 182], [439.0, 234]]
[[25.0, 10], [18.0, 66], [11.5, 78], [23.0, 234]]
[[23.0, 16], [2.0, 58], [4.5, 138], [336.5, 236]]
[[22.5, 128]]
[[10.5, 36], [7.0, 100], [22.0, 106], [1.5, 136], [287.5, 238]]
[[23.0, 16], [25.5, 88], [5.5, 120], [17.0, 152], [19.5, 156]]
[[22.5, 196], [344.0, 240]]
[[9.0, 138], [4.5, 238], [15.0, 240]]
[[22.5, 60], [321.0, 242]]
[[9.5, 142], [21.0, 176]]
[[15.0, 74], [9.5, 108], [278.5, 244]]
[[12.0, 32], [7.5, 34], [20.0, 74], [17.0, 120], [19.0, 146], [14.0, 192]]
[[13.5, 82], [2.5, 218], [376.5, 246]]
[[4.0, 6], [14.0, 56], [9.0, 62], [23.5, 234]]
[[6.5, 60], [24.0, 98], [20.0, 192], [332.5, 248]]
[[19.0, 6], [20.5, 24], [7.0, 42], [15.5, 94], [18.0, 140], [12.0, 146], [25.5, 156], [18.0, 198], [12.0, 230]]
[[9.0, 14], [9.5, 198], [292.5, 250]]
[[37.5, 52], [23.5, 58], [5.0, 76], [9.5, 104]]
[[12.0, 32], [5.0, 54], [2.0, 96], [275.0, 252]]
[[2.0, 68], [16.5, 78], [3.0, 148], [5.5, 244]]
[[3.0, 10], [8.0, 78], [22.5, 100], [11.0, 240], [5.5, 244], [252.0, 254]]
[[2.5, 12], [5.0, 30], [4.0, 104], [13.0, 122], [8.5, 162], [20.0, 180]]
[[7.0, 94], [3.0, 98], [11.5, 112], [12.0, 138], [9.0, 148], [18.5, 180], [7.5, 226], [22.0, 234], [363.0, 256]]
[[22.0, 124], [9.5, 174], [3.5, 226]]
[[24.0, 44], [20.5, 96], [18.5, 106], [3.5, 130], [22.5, 252], [319.5, 258]]
[]
[[23.5, 118], [18.0, 120], [298.5, 260]]
[]
[[7.0, 74], [12.0, 96], [5.5, 154], [418.5, 262]]
[[16.0, 8], [8.0, 224], [10.0, 248]]
[[12.5, 90], [15.0, 94], [2.0, 182], [6.0, 228], [38.0, 262], [358.5, 264]]
[[15.0, 160]]
[[353.5, 266]]
[]
[[22.0, 0], [18.5, 16], [16.5, 60], [24.5, 92], [5.0, 116], [18.5, 234], [397.5, 268]]
[[4.5, 92], [3.0, 158]]
[[22.5, 38], [16.5, 94], [16.0, 108], [359.5, 270]]
[[19.5, 138]]
[[13.5, 146], [231.0, 272]]
[[7.0, 208]]
[[18.0, 30], [22.5, 58], [2.0, 142], [3.0, 216], [25.5, 230], [350.5, 274]]
[[15.5, 20], [3.0, 96], [2.5, 128], [14.5, 168], [11.5, 196], [8.5, 216]]
[[16.5, 18], [19.5, 92], [21.0, 168], [15.0, 272], [9.5, 274], [423.0, 276]]
[[17.0, 252]]
[[18.0, 158], [262.5, 278]]
[]
[[23.5, 64], [14.5, 116], [21.0, 120], [24.5, 272], [280.5, 280]]
[[22.5, 28]]
[[15.5, 76], [4.5, 120], [2.5, 252], [305.5, 282]]
[]
[[250.5, 284]]
[[24.5, 22], [23.5, 156]]
[[13.0, 64], [204.5, 286]]
[[15.5, 162]]
[[18.5, 2], [4.0, 96], [420.5, 288]]
[[23.0, 38], [24.5, 126]]
[[18.0, 206], [16.5, 208], [2.5, 238], [386.5, 290]]
[[10.0, 28], [7.5, 96], [6.0, 260], [13.0, 264]]
[[4.0, 0], [15.5, 36], [5.5, 142], [20.0, 188], [12.0, 240], [250.5, 292]]
[[11.5, 78], [6.5, 82], [20.0, 160], [1.5, 188], [10.0, 258]]
[[17.0, 24], [12.0, 98], [16.0, 262], [5.5, 264], [343.0, 294]]
[[17.0, 258], [19.0, 262]]
[[25.5, 150], [259.5, 296]]
[[13.5, 30], [17.0, 222], [8.5, 266]]
[[9.0, 26], [6.0, 78], [18.0, 112], [19.5, 122], [12.5, 230], [472.0, 298]]
[[18.0, 196], [13.0, 214], [19.0, 248]]
[[23.5, 46], [11.0, 80], [3.5, 146], [13.0, 202], [5.0, 250], [19.5, 298], [300.0, 300]]
[[11.5, 12], [21.0, 202], [3.0, 204], [17.0, 232]]
[[11.0, 64], [7.0, 82], [16.5, 128], [24.5, 144], [364.0, 302]]
[[4.5, 38], [14.0, 140]]
[[15.0, 100], [25.5, 148], [3.5, 216], [342.5, 304]]
[[15.5, 82]]
[[2.5, 54], [10.5, 190], [305.0, 306]]
[[18.5, 150]]
[[13.0, 46], [2.5, 132], [2.0, 298], [253.5, 308]]
[[2.5, 182], [16.5, 202]]
[[19.0, 92], [23.5, 112], [15.0, 122], [22.0, 180], [21.0, 186], [24.5, 218], [22.0, 304], [399.0, 310]]
[[20.5, 126], [24.5, 176], [23.5, 194], [9.0, 262]]
[[17.0, 42], [8.0, 120], [3.5, 176], [381.5, 312]]
[]
[[16.5, 110], [17.0, 148], [9.0, 282], [223.5, 314]]
[]
[[17.0, 176], [230.0, 316]]
[[6.5, 18], [4.0, 40], [24.5, 168], [16.5, 186]]
[[25.0, 128], [267.5, 318]]
[[6.5, 26]]
[[211.5, 320]]
[]
[[18.0, 40], [24.5, 92], [18.0, 200], [386.5, 322]]
[[17.5, 38], [15.5, 46], [24.5, 60], [25.5, 82], [4.5, 114], [10.5, 168]]
[[15.5, 8], [352.0, 324]]
[[5.5, 52], [15.5, 126], [2.0, 128], [14.0, 236]]
[[15.0, 130], [284.5, 326]]
[[12.5, 16], [17.5, 70], [24.0, 80], [14.5, 84], [9.0, 238]]
[[8.5, 12], [20.5, 146], [10.0, 208], [217.0, 328]]
[[2.5, 40], [21.5, 52], [20.5, 102], [20.5, 118], [20.0, 192], [14.0, 212], [2.0, 228]]
[[24.5, 90], [22.5, 108], [17.5, 290], [3.0, 314], [24.0, 320], [379.5, 330]]
[[20.0, 46], [15.5, 114], [15.0, 138], [13.5, 156], [23.0, 266], [21.0, 294], [17.5, 302]]
[[344.5, 332]]
[[25.5, 58], [21.5, 310]]
[[16.5, 8], [25.5, 230], [210.0, 334]]
[[7.0, 6], [25.0, 80], [14.5, 270]]
[[15.0, 72], [25.5, 98], [20.5, 316], [247.0, 336]]
[[23.5, 76], [25.0, 118], [5.0, 228], [11.0, 274]]
[[8.0, 48], [1.0, 198], [13.0, 240], [14.5, 260], [12.0, 282], [341.5, 338]]
[[24.0, 168], [6.5, 212], [14.0, 290], [16.5, 292]]
[[12.5, 24], [9.5, 114], [15.5, 290], [327.5, 340]]
[[3.0, 134]]
[[339.5, 342]]
[[22.0, 24], [4.0, 100], [15.0, 158], [7.0, 174], [13.0, 276]]
[[21.5, 62], [15.5, 66], [18.5, 128], [11.0, 290], [236.0, 344]]
[]
[[1.0, 88], [205.5, 346]]
[[18.5, 226]]
[[3.5, 204], [236.5, 348]]
[[20.5, 32], [6.5, 74], [1.5, 92], [18.5, 194]]
[[21.0, 34], [22.0, 52], [19.5, 130], [15.0, 250], [11.0, 268], [498.5, 350]]
[[9.5, 100], [22.5, 168], [8.0, 254], [5.0, 270], [16.0, 288]]
[[14.5, 168], [9.5, 220], [18.5, 270], [4.5, 292], [10.0, 326], [2.5, 334], [412.0, 352]]
[[4.5, 22], [6.0, 84], [12.0, 116], [22.0, 202], [2.5, 288]]
[[289.0, 354]]
[[11.0, 168], [7.5, 302]]
[[9.5, 72], [16.5, 278], [23.5, 290], [11.0, 348], [329.5, 356]]
[[15.0, 350]]
[[3.5, 2], [4.5, 176], [15.5, 304], [226.0, 358]]
[]
[[3.0, 10], [22.0, 18], [12.5, 56], [3.0, 324], [417.0, 360]]
[[24.5, 136], [13.5, 140], [12.5, 142], [16.0, 152], [16.0, 290]]
[[8.0, 128], [1.0, 226], [245.0, 362]]
[[16.5, 202], [11.5, 326], [20.0, 342]]
[[19.0, 144], [215.5, 364]]
[[17.0, 74], [9.0, 292]]
[[204.5, 366]]
[[15.5, 130], [1.0, 178]]
[[260.0, 368]]
[[22.0, 134], [20.5, 174], [24.5, 304], [15.5, 338], [17.0, 340], [9.0, 354]]
[[213.5, 370]]
[[7.0, 68], [8.5, 302], [2.0, 306], [17.5, 308], [1.5, 324]]
[[21.0, 64], [7.0, 210], [297.5, 372]]
[[13.5, 118], [14.0, 228], [17.5, 264]]
[[19.0, 190], [15.5, 270], [28.0, 286], [276.0, 374]]
[[20.5, 34], [22.5, 338]]
[[6.0, 84], [3.5, 120], [12.0, 266], [21.0, 324], [283.5, 376]]
[[14.0, 202], [24.5, 288]]
[[20.5, 120], [14.0, 186], [309.0, 378]]
[[13.5, 24], [16.0, 242]]
[[14.0, 160], [10.5, 170], [5.0, 204], [5.5, 334], [251.5, 380]]
[[17.5, 36], [18.0, 114], [13.0, 224], [14.5, 284], [9.5, 378]]
[[18.0, 154], [21.0, 166], [20.0, 318], [240.5, 382]]
[[9.5, 42], [15.0, 94], [10.5, 158]]
[[5.5, 116], [13.5, 132], [245.5, 384]]
[]
[[9.0, 88], [7.0, 100], [25.5, 280], [271.0, 386]]
[[24.0, 24], [24.0, 268]]
[[3.0, 32], [12.0, 166], [19.5, 264], [25.0, 338], [8.5, 366], [263.5, 388]]
[[17.5, 38], [25.0, 110], [22.0, 164]]
[[2.0, 190], [13.0, 302], [19.0, 338], [332.0, 390]]
[[15.0, 134], [16.5, 260], [12.5, 308], [17.5, 338]]
[[7.0, 126], [14.5, 218], [226.5, 392]]
[[18.5, 180], [4.0, 204], [3.0, 268]]
[[3.0, 36], [14.0, 142], [17.0, 144], [4.0, 200], [7.0, 296], [350.0, 394]]
[[1.0, 212], [19.5, 264], [2.0, 288], [24.0, 342], [4.0, 362], [3.0, 380]]
[[25.5, 12], [24.5, 130], [10.0, 158], [4.5, 298], [21.5, 320], [394.0, 396]]
[[14.5, 112], [3.0, 130]]
[[6.0, 322], [320.0, 398]]
[[16.5, 298], [8.0, 368]]
[[6.5, 58], [6.0, 108], [19.0, 206], [18.5, 358], [316.5, 400]]
[[11.0, 60]]
[[3.5, 124], [1.5, 272], [8.0, 386], [270.5, 402]]
[[2.5, 354]]
[[13.0, 124], [7.5, 126], [8.0, 154], [383.5, 404]]
[[1.0, 50], [21.5, 316]]
[[7.5, 74], [19.0, 186], [20.0, 246], [2.0, 310], [251.0, 406]]
[[10.5, 124]]
[[223.5, 408]]
[[15.5, 88], [19.0, 102], [3.5, 322], [25.0, 384]]
[[23.5, 260], [6.5, 308], [14.0, 398], [309.5, 410]]
[[21.0, 54], [12.0, 258]]
[[172.5, 412]]
[[22.5, 62], [11.5, 80], [22.5, 306], [17.0, 308], [1.5, 328]]
[[4.0, 172], [296.0, 414]]
[[12.0, 10], [14.0, 54], [8.0, 82], [4.5, 90], [27.5, 100], [22.5, 116], [2.0, 122], [10.5, 308]]
[[4.0, 168], [19.5, 184], [20.0, 192], [6.5, 194], [304.0, 416]]
[[4.0, 208], [6.0, 248], [9.5, 274]]
[[11.0, 30], [2.0, 52], [1.0, 156], [10.0, 236], [22.5, 390], [312.0, 418]]
[[20.0, 22], [12.0, 108], [11.0, 300], [3.5, 418]]
[[15.5, 106], [19.0, 250], [23.0, 350], [1.0, 378], [3.0, 414], [388.0, 420]]
[[10.0, 62]]
[[25.0, 104], [5.0, 126], [3.5, 176], [10.0, 230], [15.5, 246], [4.5, 346], [338.0, 422]]
[[13.0, 292]]
[[288.5, 424]]
[[15.0, 132], [18.5, 204], [22.5, 262], [7.5, 380]]
[[21.5, 10], [8.0, 22], [7.5, 52], [2.5, 156], [13.5, 366], [257.5, 426]]
[[20.0, 50], [11.5, 270], [2.5, 390]]
[[8.0, 78], [11.0, 108], [15.5, 330], [18.5, 344], [14.5, 350], [430.0, 428]]
[]
[[6.0, 6], [1.0, 358], [19.0, 402], [288.0, 430]]
[[1.0, 110], [2.5, 340]]
[[5.5, 226], [16.0, 298], [4.5, 318], [21.0, 394], [333.0, 432]]
[[20.5, 80], [21.0, 168], [20.0, 170], [25.0, 396]]
[[3.5, 84], [21.0, 196], [18.0, 228], [22.0, 318], [233.0, 434]]
[[1.0, 30], [21.0, 38], [13.0, 42], [4.5, 188], [14.5, 406]]
[[13.0, 146], [12.0, 348], [20.0, 362], [23.0, 388], [235.0, 436]]
[[10.5, 166], [9.5, 254], [17.0, 420]]
[[4.0, 176], [254.5, 438]]
[[14.0, 274]]
[[264.5, 440]]
[[20.5, 12], [2.0, 112], [9.0, 240], [22.0, 270], [4.0, 352]]
[[20.0, 54], [15.0, 232], [245.0, 442]]
[[9.5, 26], [24.0, 104], [14.0, 132]]
[[18.0, 156], [25.5, 424], [345.5, 444]]
[[14.5, 28], [15.5, 38], [12.0, 172], [13.0, 280], [10.0, 356]]
[[3.5, 268], [1.0, 318], [210.5, 446]]
[[22.5, 28], [12.0, 178], [6.0, 260], [17.5, 442]]
[[2.5, 4], [21.0, 76], [13.0, 220], [10.5, 228], [20.0, 250], [22.5, 310], [2.0, 408], [291.5, 448]]
[[14.0, 172]]
[[6.0, 206], [13.5, 244], [18.5, 338], [1.0, 356], [8.0, 394], [334.5, 450]]
[[11.5, 24], [24.0, 304]]
[[24.0, 236], [24.5, 448], [342.0, 452]]
[[3.0, 162], [6.0, 168], [8.5, 204], [13.0, 398]]
[[4.0, 294], [246.5, 454]]
[]
[[19.0, 86], [13.0, 244], [369.0, 456]]
[[14.0, 142], [16.5, 144]]
[[1.5, 62], [19.0, 98], [15.0, 220], [17.5, 330], [5.5, 410], [269.5, 458]]
[[8.0, 306]]
[[4.0, 336], [228.5, 460]]
[[8.0, 52], [8.5, 114], [12.5, 160], [17.0, 294], [19.0, 296], [2.0, 336], [3.0, 410]]
[[12.5, 306], [14.5, 340], [15.5, 450], [11.5, 456], [337.5, 462]]
[[17.5, 182], [7.0, 426], [6.0, 458]]
[[224.0, 464]]
[[22.5, 208], [8.0, 228]]
[[20.0, 114], [3.5, 170], [20.5, 338], [6.0, 364], [245.5, 466]]
[[6.5, 18], [15.0, 132], [15.0, 444]]
[[8.5, 4], [1.5, 10], [6.0, 80], [12.5, 96], [22.0, 240], [8.0, 368], [2.5, 464], [283.0, 468]]
[[16.0, 60], [11.5, 80], [23.5, 120], [23.5, 182], [6.5, 366]]
[[17.0, 62], [14.5, 158], [13.5, 436], [14.5, 452], [354.5, 470]]
[[11.0, 78], [18.0, 144], [20.5, 362]]
[[23.5, 34], [300.0, 472]]
[[4.0, 322]]
[[19.5, 102], [21.0, 166], [11.5, 368], [6.0, 438], [10.0, 452], [363.0, 474]]
[[20.0, 356]]
[[9.0, 150], [3.0, 152], [19.5, 332], [5.0, 442], [336.5, 476]]
[[18.5, 160]]
[[24.0, 198], [9.5, 322], [292.5, 478]]
[[11.5, 64], [17.0, 282]]
[[7.0, 194], [13.5, 218], [12.0, 278], [4.0, 302], [6.0, 320], [1.5, 350], [17.0, 390], [18.0, 468], [225.5, 480]]
[[1.5, 126], [7.5, 146], [21.0, 396]]
[[6.0, 218], [252.0, 482]]
[[20.5, 98], [2.5, 234], [10.0, 434]]
[[17.0, 306], [238.0, 484]]
[[4.0, 12], [1.5, 146], [23.5, 306], [17.0, 470]]
[[2.5, 144], [18.0, 212], [22.0, 460], [339.0, 486]]
[[15.0, 10], [22.5, 78], [22.0, 140], [11.0, 410]]
[[20.0, 438], [23.5, 472], [280.0, 488]]
[[3.0, 18], [11.5, 274], [9.5, 400]]
[[15.5, 154], [241.5, 490]]
[[22.0, 236], [14.5, 400]]
[[16.0, 10], [7.0, 192], [10.0, 290], [318.5, 492]]
[[3.0, 14], [5.0, 46], [25.5, 392]]
[[5.0, 286], [319.0, 494]]
[[9.0, 178]]
[[271.5, 496]]
[[20.0, 164], [16.5, 204], [6.5, 342]]
[[5.0, 10], [14.5, 380], [5.5, 390], [280.0, 498]]
[[1.5, 106]]
[[37.5, 224], [4.0, 232], [22.0, 360], [404.0, 500]]
[[20.5, 446], [24.0, 452], [17.5, 500]]
[[247.5, 502]]
[]
[[7.0, 76], [25.0, 134], [18.0, 260], [25.5, 396], [283.5, 504]]
[[22.5, 426], [17.5, 466]]
[[19.0, 68], [23.0, 172], [12.5, 348], [469.5, 506]]
[[5.5, 290]]
[[7.0, 50], [10.0, 104], [8.5, 148], [7.0, 220], [9.5, 466], [225.5, 508]]
[[5.0, 446]]
[[10.5, 52], [1.5, 84], [20.5, 102], [16.5, 184], [2.5, 240], [14.5, 262], [319.0, 510]]
[[2.0, 280], [11.5, 386]]
[[12.0, 152], [24.5, 316], [23.5, 354], [2.5, 380], [363.0, 512]]
[[4.5, 234], [19.5, 248], [4.5, 472], [5.5, 486]]
[[13.0, 470], [216.0, 514]]
[[13.5, 6]]
[[17.5, 274], [18.5, 396], [254.0, 516]]
[[31.0, 110], [15.0, 154], [10.0, 190], [1.5, 220], [1.0, 230], [11.5, 474], [23.5, 502], [3.0, 514]]
[[14.5, 66], [6.0, 90], [22.5, 216], [1.0, 402], [271.0, 518]]
[[20.5, 48]]
[[2.5, 36], [4.5, 422], [22.5, 474], [244.0, 520]]
[[23.0, 162], [16.0, 186], [11.0, 478], [15.0, 488]]
[[4.5, 86], [5.5, 140], [255.0, 522]]
[[21.5, 324], [4.0, 412]]
[[16.0, 246], [23.5, 452], [24.5, 506], [230.5, 524]]
[[12.0, 16], [13.5, 72]]
[[14.0, 112], [22.0, 496], [324.5, 526]]
[[23.5, 288]]
[[2.0, 202], [13.5, 416], [11.5, 500], [249.5, 528]]
[]
[[2.0, 44], [24.0, 506], [199.5, 530]]
[[5.0, 8], [9.5, 24], [14.5, 134], [21.0, 482]]
[[13.5, 230], [25.0, 492], [280.5, 532]]
[[12.0, 358], [20.5, 528]]
[[19.0, 48], [248.0, 534]]
[[9.0, 170], [24.5, 298], [15.5, 428], [18.0, 432], [21.5, 494]]
[[4.0, 96], [5.0, 122], [22.0, 146], [5.5, 534], [341.5, 536]]
[]
[[7.5, 50], [3.0, 184], [16.5, 260], [21.0, 462], [337.0, 538]]
[[5.0, 522]]
[[24.0, 12], [24.0, 328], [251.0, 540]]
[[13.5, 2], [4.5, 28], [2.0, 162], [11.0, 258], [20.5, 290], [16.5, 358], [21.0, 370]]
[[3.0, 466], [252.0, 542]]
[[7.0, 134], [15.0, 368]]
[[2.0, 52], [24.5, 322], [15.0, 432], [282.0, 544]]
[[1.0, 66], [3.5, 240], [21.0, 422], [20.0, 470], [14.0, 526]]
[[17.0, 246], [180.5, 546]]
[[7.5, 370], [13.0, 398], [13.0, 488]]
[[7.5, 56], [15.5, 144], [15.5, 240], [11.5, 328], [24.0, 368], [275.0, 548]]
[[19.0, 20], [6.5, 142]]
[[186.0, 550]]
[[3.5, 144], [19.0, 236], [3.0, 430]]
[[20.5, 470], [276.0, 552]]
[[12.5, 8], [16.0, 88], [7.0, 136], [16.5, 304], [4.5, 500]]
[[257.5, 554]]
[[5.5, 22], [9.0, 36], [13.0, 94], [21.0, 144]]
[[14.5, 180], [22.0, 252], [23.0, 428], [248.5, 556]]
[[7.0, 26], [1.0, 262]]
[[1.5, 186], [22.0, 282], [6.0, 462], [12.5, 512], [211.5, 558]]
[[15.0, 350], [24.5, 380]]
[[281.5, 560]]
[[1.5, 114], [8.5, 230]]
[[25.0, 92], [6.0, 176], [21.0, 198], [15.0, 242], [285.0, 562]]
[]
[[10.0, 152], [172.0, 564]]
[[23.0, 298]]
[[7.5, 364], [4.5, 432], [297.0, 566]]
[[17.0, 86], [10.5, 272], [13.5, 468], [23.0, 476]]
[[25.0, 0], [21.5, 220], [23.0, 500], [322.5, 568]]
[[12.0, 278], [15.5, 408], [23.5, 486]]
[[3.0, 34], [17.0, 86], [12.5, 108], [17.0, 540], [358.5, 570]]
[[25.5, 110], [2.5, 218], [22.0, 382], [2.5, 384], [24.0, 454], [4.5, 552]]
[[17.0, 70], [23.0, 94], [8.0, 196], [15.5, 316], [15.0, 398], [6.0, 414], [385.0, 572]]
[[7.5, 148], [14.0, 394], [10.0, 514]]
[[212.5, 574]]
[[5.5, 80], [16.0, 472]]
[[25.5, 38], [402.5, 576]]
[[12.0, 166], [3.5, 440], [9.5, 446], [20.0, 456]]
[[4.0, 134], [146.5, 578]]
[]
[[10.0, 422], [176.5, 580]]
[[8.5, 36], [1.5, 162], [3.0, 190], [4.0, 248], [5.5, 256], [6.0, 436], [7.0, 484], [12.0, 530]]
[[21.0, 216], [16.5, 378], [272.0, 582]]
[[11.0, 136], [5.5, 266]]
[[10.5, 96], [12.0, 184], [20.5, 408], [13.0, 430], [284.5, 584]]
[[7.0, 6], [14.0, 14], [15.0, 34]]
[[169.5, 586]]
[[24.5, 360]]
[[24.5, 68], [12.5, 338], [9.5, 396], [3.5, 412], [3.0, 556], [322.0, 588]]
[[20.5, 18], [19.5, 52], [18.0, 452]]
[[12.5, 14], [1.5, 198], [22.0, 496], [282.0, 590]]
[[1.5, 456]]
[[20.0, 332], [1.5, 566], [287.5, 592]]
[[20.0, 136]]
[[8.5, 490], [8.5, 592], [314.0, 594]]
[[21.0, 218]]
[[20.0, 58], [19.5, 74], [22.5, 88], [16.0, 246], [3.5, 258], [11.5, 542], [350.5, 596]]
[[19.5, 102], [3.5, 106], [22.0, 142]]
[[249.5, 598]]
[[21.5, 404]]
[[22.0, 36], [25.5, 112], [9.0, 164], [2.0, 450], [268.0, 600]]
[[16.0, 122], [9.5, 270], [13.0, 386], [23.5, 424], [20.5, 438], [4.5, 506]]
[[7.0, 46], [14.0, 526], [261.5, 602]]
[[6.5, 34], [7.0, 142], [8.5, 232], [3.5, 540]]
[[16.0, 120], [6.5, 298], [2.0, 540], [19.0, 588], [229.0, 604]]
[[1.5, 542]]
[[1.5, 88], [24.0, 188], [14.5, 318], [7.0, 370], [259.0, 606]]
[[3.0, 132], [22.5, 558]]
[[25.0, 116], [25.5, 312], [4.5, 434], [13.5, 466], [18.0, 602], [285.0, 608]]
[]
[[21.0, 128], [7.0, 232], [4.0, 332], [327.5, 610]]
[[13.5, 108], [6.5, 254]]
[[259.5, 612]]
[[14.0, 144], [7.0, 598]]
[[5.0, 138], [19.0, 176], [16.5, 210], [23.0, 350], [23.0, 410], [12.5, 424], [257.0, 614]]
[[20.0, 136]]
[[300.0, 616]]
[[14.0, 280]]
[[10.5, 508], [3.5, 540], [190.5, 618]]
[[1.0, 160], [1.5, 594]]
[[18.0, 48], [9.5, 138], [3.5, 218], [247.5, 620]]
[[1.0, 60], [10.0, 204]]
[[7.0, 100], [24.5, 190], [1.0, 414], [15.0, 444], [260.5, 622]]
[[13.0, 322]]
[[7.5, 162], [15.5, 380], [21.5, 572], [210.0, 624]]
[[4.0, 62], [18.0, 168], [19.5, 462], [4.5, 572]]
[[3.0, 254], [165.0, 626]]
[[24.0, 152]]
[[25.0, 104]]
