[[524.0, 0]]
[]
[[591.0, 2]]
[[12.0, 2]]
[[6.0, 0], [2.0, 2], [511.0, 4]]
[[11.0, 2], [10.5, 4]]
[[7.5, 4], [637.0, 6]]
[[10.5, 0], [23.5, 4]]
[[37.0, 4], [20.0, 6], [615.5, 8]]
[[44.5, 2]]
[[12.5, 0], [476.0, 10]]
[[42.0, 0], [5.5, 6]]
[[15.5, 0], [32.5, 6], [23.5, 8], [678.0, 12]]
[[30.5, 4], [7.0, 12]]
[[25.5, 4], [25.5, 6], [8.0, 8], [15.5, 10], [8.5, 12], [474.0, 14]]
[[13.0, 6]]
[[6.5, 2], [21.0, 6], [21.0, 10], [12.0, 14], [436.0, 16]]
[[20.5, 0], [17.5, 4], [20.0, 8], [3.0, 10], [13.5, 16]]
[[11.0, 12], [499.5, 18]]
[]
[[440.0, 20]]
[[4.5, 14]]
[[21.5, 2], [487.5, 22]]
[[24.5, 6], [16.5, 8], [22.0, 16], [44.0, 18], [14.5, 22]]
[[12.5, 18], [6.0, 22], [504.0, 24]]
[[15.0, 10], [24.0, 20], [9.0, 22]]
[[16.5, 4], [4.0, 12], [4.5, 22], [485.0, 26]]
[]
[[18.0, 0], [13.0, 12], [13.5, 18], [453.0, 28]]
[[3.5, 12], [24.5, 18], [6.5, 22]]
[[22.5, 6], [42.0, 10], [3.5, 16], [7.0, 18], [13.5, 26], [501.0, 30]]
[[24.5, 20], [18.0, 26]]
[[20.0, 2], [17.0, 4], [8.0, 18], [507.5, 32]]
[[15.5, 26]]
[[22.0, 22], [24.5, 30], [501.5, 34]]
[[6.5, 6], [6.0, 8], [12.0, 14], [34.5, 16], [12.0, 32]]
[[20.5, 8], [3.0, 10], [2.5, 28], [514.0, 36]]
[[15.5, 0], [25.5, 18], [4.5, 24], [10.5, 28]]
[[10.5, 10], [361.5, 38]]
[[5.0, 0], [13.5, 8], [5.0, 24]]
[[21.0, 6], [15.5, 10], [2.5, 24], [12.0, 34], [16.0, 36], [690.5, 40]]
[[20.0, 2], [24.0, 4], [18.5, 6], [11.5, 30], [24.5, 32], [23.5, 40]]
[[17.0, 16], [17.0, 18], [22.0, 34], [424.0, 42]]
[[18.0, 12], [1.5, 14], [22.5, 30], [13.5, 38]]
[[22.5, 6], [12.0, 8], [544.5, 44]]
[[7.5, 22], [14.0, 28], [6.0, 32], [19.5, 42]]
[[2.0, 14], [24.0, 16], [25.0, 26], [16.5, 34], [25.5, 36], [427.0, 46]]
[[4.0, 6]]
[[12.0, 6], [10.0, 34], [355.5, 48]]
[[16.0, 2], [17.5, 6], [16.0, 8], [1.5, 28], [13.0, 38]]
[[18.0, 6], [482.0, 50]]
[[12.0, 2]]
[[17.5, 2], [2.0, 12], [8.0, 50], [431.0, 52]]
[[19.5, 4], [3.0, 14], [14.0, 44]]
[[8.0, 8], [23.5, 36], [475.5, 54]]
[[8.5, 8], [20.5, 48], [2.5, 52]]
[[21.5, 18], [20.5, 50], [11.0, 54], [402.5, 56]]
[[3.5, 10], [50.5, 12], [2.0, 14]]
[[21.0, 0], [4.0, 2], [22.5, 28], [392.5, 58]]
[[14.0, 30], [15.0, 40], [24.5, 54]]
[[324.0, 60]]
[[36.0, 46], [18.5, 56]]
[[14.5, 16], [23.0, 22], [14.5, 36], [13.5, 44], [18.0, 48], [555.5, 62]]
[[25.0, 26], [25.5, 30], [23.0, 32], [23.5, 46]]
[[438.5, 64]]
[[1.5, 4], [22.0, 14], [1.5, 24], [25.0, 40]]
[[3.5, 26], [20.0, 40], [4.0, 54], [508.0, 66]]
[[11.5, 0], [18.5, 12], [21.5, 22], [12.5, 28], [9.5, 62]]
[[21.5, 40], [16.5, 64], [443.0, 68]]
[[19.5, 6], [3.0, 10], [3.5, 12], [25.5, 20], [2.0, 64]]
[[345.0, 70]]
[[3.5, 8], [5.5, 18], [22.5, 22], [10.0, 26], [16.5, 58], [22.0, 64]]
[[22.0, 52], [519.0, 72]]
[[1.0, 2], [13.0, 20], [23.5, 22], [3.5, 36]]
[[14.0, 4], [6.5, 36], [11.5, 72], [392.5, 74]]
[[2.0, 26], [1.0, 30], [9.0, 46], [20.0, 66]]
[[21.5, 60], [8.0, 68], [272.0, 76]]
[[14.5, 32], [2.0, 58], [8.5, 68]]
[[22.0, 12], [3.0, 46], [393.0, 78]]
[[18.0, 12], [2.5, 20], [13.5, 52], [4.5, 78]]
[[24.5, 36], [10.5, 58], [315.0, 80]]
[[24.0, 12], [17.5, 18], [6.5, 22], [8.0, 24], [24.0, 60], [11.5, 64], [15.0, 72]]
[[2.0, 22], [20.0, 34], [7.0, 72], [380.0, 82]]
[[5.5, 60]]
[[6.5, 12], [10.5, 34], [332.0, 84]]
[[8.5, 62]]
[[20.5, 72], [2.0, 74], [254.5, 86]]
[[3.5, 2], [22.0, 26], [22.5, 72], [17.5, 76]]
[[7.0, 20], [21.5, 24], [6.5, 70], [416.5, 88]]
[[5.0, 18], [18.5, 32], [23.5, 70]]
[[19.0, 0], [23.0, 44], [312.0, 90]]
[[1.0, 86]]
[[17.5, 10], [313.0, 92]]
[[1.5, 70]]
[[21.0, 14], [381.0, 94]]
[[11.5, 84]]
[[23.0, 44], [359.5, 96]]
[[9.0, 50], [7.5, 62], [6.0, 94]]
[[4.0, 56], [3.0, 68], [12.5, 72], [12.0, 88], [463.5, 98]]
[[15.0, 12], [18.0, 20], [10.5, 38], [22.0, 56], [18.0, 74]]
[[30.0, 10], [4.0, 14], [10.0, 22], [24.5, 40], [430.5, 100]]
[[21.5, 32], [15.5, 92], [11.0, 96], [14.5, 98]]
[[17.5, 64], [4.0, 74], [320.5, 102]]
[]
[[1.5, 4], [530.0, 104]]
[[7.5, 32], [37.5, 40]]
[[9.0, 38], [7.5, 104], [465.5, 106]]
[[9.0, 68], [13.5, 74]]
[[8.0, 74], [18.5, 94], [10.5, 104], [325.5, 108]]
[[14.0, 30], [15.0, 44]]
[[25.5, 8], [11.0, 44], [5.5, 52], [3.5, 78], [4.5, 80], [15.0, 88], [398.5, 110]]
[[24.5, 28], [1.5, 96]]
[[6.5, 24], [17.5, 48], [5.5, 88], [2.0, 102], [396.0, 112]]
[[16.5, 76]]
[[19.5, 0], [10.0, 30], [39.5, 66], [22.0, 88], [33.5, 104], [10.5, 112], [574.0, 114]]
[[25.0, 46], [24.0, 90]]
[[369.0, 116]]
[[19.0, 2]]
[[20.0, 14], [4.5, 86], [18.5, 88], [10.0, 116], [309.0, 118]]
[[18.0, 30], [20.0, 38], [10.5, 52], [5.0, 86]]
[[243.0, 120]]
[[21.5, 28]]
[[23.0, 12], [9.0, 48], [16.5, 114], [368.5, 122]]
[[5.5, 2], [16.5, 34], [10.5, 42], [21.0, 66], [15.5, 84]]
[[17.0, 14], [25.0, 40], [17.0, 48], [12.5, 52], [21.5, 114], [403.0, 124]]
[]
[[19.0, 8], [23.0, 34], [8.0, 60], [4.5, 88], [11.0, 114], [352.5, 126]]
[[9.5, 56], [8.5, 102]]
[[15.0, 46], [2.5, 50], [21.5, 56], [2.0, 58], [2.0, 70], [22.5, 104], [360.0, 128]]
[[19.0, 64]]
[[7.0, 60], [17.0, 114], [276.0, 130]]
[[1.5, 4], [22.5, 16]]
[[8.0, 44], [7.5, 98], [9.5, 106], [486.5, 132]]
[[12.0, 10], [4.5, 106]]
[[22.5, 48], [281.0, 134]]
[[2.5, 46], [22.5, 56], [5.0, 132]]
[[298.0, 136]]
[[4.5, 0]]
[[9.0, 86], [451.0, 138]]
[[17.0, 22], [20.5, 34], [5.0, 78], [20.5, 106]]
[[10.0, 114], [10.5, 118], [267.0, 140]]
[[5.0, 40]]
[[19.0, 34], [6.5, 112], [440.0, 142]]
[[9.0, 122]]
[[15.0, 2], [13.5, 22], [2.5, 44], [7.5, 124], [5.0, 134], [7.0, 142], [405.0, 144]]
[[24.0, 26], [18.5, 66]]
[[20.5, 40], [242.5, 146]]
[[17.0, 38], [23.0, 40], [17.5, 70], [12.5, 90], [1.5, 112]]
[[12.5, 16], [24.5, 54], [15.5, 70], [18.0, 144], [454.0, 148]]
[[15.0, 84]]
[[8.0, 18], [10.0, 60], [23.5, 120], [6.0, 142], [324.0, 150]]
[[14.5, 106]]
[[25.5, 12], [1.5, 54], [8.0, 72], [12.0, 112], [481.5, 152]]
[[11.5, 120]]
[[14.5, 80], [16.0, 134], [18.0, 142], [426.0, 154]]
[[17.0, 52], [12.5, 66], [20.0, 102], [1.5, 132]]
[[23.0, 18], [15.0, 72], [351.0, 156]]
[[9.5, 28], [12.0, 54]]
[[366.0, 158]]
[[13.5, 36], [11.0, 112]]
[[2.5, 104], [21.5, 108], [285.0, 160]]
[[12.0, 40]]
[[7.0, 158], [363.5, 162]]
[]
[[264.0, 164]]
[[20.0, 10], [4.5, 22], [19.5, 58], [21.5, 94]]
[[9.5, 32], [21.5, 148], [364.5, 166]]
[[12.0, 108], [20.5, 118]]
[[14.0, 2], [16.5, 24], [1.5, 34], [19.0, 98], [14.0, 100], [16.5, 162], [352.5, 168]]
[[15.0, 54]]
[[22.0, 166], [327.0, 170]]
[[15.5, 0], [16.0, 70], [2.0, 94], [22.5, 132], [5.0, 144], [14.5, 150]]
[[22.0, 88], [264.5, 172]]
[[21.0, 28], [17.0, 146]]
[[5.0, 58], [15.5, 60], [3.5, 78], [24.5, 144], [344.0, 174]]
[[14.5, 24]]
[[21.5, 144], [302.0, 176]]
[[21.5, 36], [18.5, 94], [18.5, 152], [17.5, 156]]
[[19.5, 136], [24.0, 148], [4.5, 156], [370.5, 178]]
[[13.0, 60]]
[[6.0, 136], [25.5, 162], [379.5, 180]]
[[15.0, 170], [5.5, 180]]
[[43.5, 138], [6.0, 160], [325.5, 182]]
[[8.0, 8]]
[[261.0, 184]]
[[22.0, 6], [1.5, 20], [10.0, 60], [4.0, 72]]
[[25.5, 30], [13.0, 46], [398.0, 186]]
[[14.5, 34], [4.0, 74], [13.5, 88]]
[[18.0, 8], [4.5, 70], [359.5, 188]]
[[15.5, 56]]
[[388.0, 190]]
[[24.5, 162]]
[[10.5, 114], [305.0, 192]]
[]
[[20.0, 162], [289.5, 194]]
[[23.5, 6], [9.0, 12], [19.5, 14], [13.0, 58], [16.5, 98], [11.0, 158], [21.0, 162]]
[[12.0, 64], [12.5, 162], [24.5, 170], [4.5, 186], [373.0, 196]]
[[14.5, 22], [15.0, 38], [4.5, 50], [22.0, 120], [2.0, 176]]
[[15.5, 54], [24.0, 62], [3.0, 122], [382.5, 198]]
[[26.5, 14], [8.5, 20], [16.5, 70], [23.5, 96], [19.0, 148], [21.5, 170]]
[[19.0, 150], [16.0, 160], [265.0, 200]]
[]
[[22.0, 2], [4.5, 14], [3.5, 72], [4.5, 90], [11.0, 114], [10.5, 172], [19.0, 182], [334.5, 202]]
[[20.0, 32], [14.0, 40], [10.5, 56], [22.0, 74], [24.5, 138], [13.0, 152]]
[[21.5, 124], [19.0, 142], [376.0, 204]]
[[21.0, 16], [21.0, 82], [22.5, 94], [9.5, 164]]
[[23.0, 74], [358.0, 206]]
[[3.5, 36], [15.5, 40], [10.5, 44], [13.0, 52], [1.5, 70], [11.0, 104], [16.5, 130], [25.5, 150], [20.5, 192]]
[[240.5, 208]]
[[22.0, 122]]
[[13.0, 20], [3.0, 72], [257.5, 210]]
[[20.0, 14], [3.0, 106], [25.0, 170]]
[[11.0, 162], [292.5, 212]]
[]
[[19.5, 64], [13.5, 68], [1.0, 184], [1.5, 190], [440.0, 214]]
[[3.0, 38], [3.5, 110]]
[[25.0, 18], [13.5, 46], [13.0, 180], [248.0, 216]]
[[24.0, 2], [9.0, 32], [10.5, 82], [10.0, 176], [15.5, 178]]
[[3.5, 28], [24.5, 54], [12.0, 114], [411.0, 218]]
[[19.5, 14], [22.0, 32], [10.5, 74], [25.5, 156], [5.5, 208]]
[[3.5, 66], [22.0, 150], [210.5, 220]]
[[2.0, 62], [18.5, 88], [1.0, 140], [18.0, 220]]
[[7.5, 0], [15.0, 4], [15.0, 76], [1.0, 98], [24.5, 136], [3.0, 164], [352.0, 222]]
[]
[[22.5, 38], [309.5, 224]]
[[1.5, 22], [14.0, 68], [25.5, 104]]
[[18.5, 16], [20.0, 20], [5.0, 26], [10.0, 84], [476.5, 226]]
[[16.0, 28], [2.0, 112], [1.0, 178]]
[[22.0, 72], [20.5, 120], [7.0, 146], [458.0, 228]]
[[17.5, 38], [2.5, 124], [18.0, 142]]
[[1.0, 52], [294.5, 230]]
[[16.5, 100], [21.5, 114], [8.0, 144]]
[[22.0, 72], [7.0, 114], [23.0, 142], [7.5, 212], [424.0, 232]]
[[14.5, 56], [21.5, 178], [32.0, 202], [12.5, 228]]
[[13.0, 88], [257.0, 234]]
[[3.5, 112], [13.5, 114], [23.0, 164], [1.0, 216]]
[[23.5, 60], [369.5, 236]]
[[5.5, 236]]
[[23.5, 82], [353.0, 238]]
[]
[[15.5, 38], [9.5, 196], [12.0, 218], [397.0, 240]]
[[6.5, 20], [13.5, 54], [24.5, 82]]
[[232.5, 242]]
[[17.5, 52], [17.0, 76], [9.5, 78], [22.0, 194]]
[[22.0, 138], [363.5, 244]]
[]
[[13.0, 236], [298.5, 246]]
[[1.5, 218]]
[[15.0, 54], [17.0, 58], [19.5, 154], [418.0, 248]]
[]
[[21.5, 6], [32.5, 66], [16.0, 190], [17.0, 236], [328.0, 250]]
[[3.5, 46], [20.0, 98], [1.5, 198], [26.5, 214]]
[[22.5, 2], [28.0, 50], [21.0, 72], [393.5, 252]]
[[8.0, 108], [23.0, 226]]
[[7.0, 136], [4.0, 174], [319.0, 254]]
[[17.5, 184], [10.0, 242]]
[[14.5, 52], [234.5, 256]]
[[17.0, 50], [25.5, 212]]
[[13.5, 2], [7.5, 12], [2.5, 34], [20.0, 56], [10.0, 102], [2.0, 124], [7.0, 126], [23.5, 198], [342.5, 258]]
[[6.5, 78], [5.0, 188], [4.0, 240], [6.0, 244]]
[[239.5, 260]]
[[17.0, 28], [11.0, 70]]
[[7.5, 100], [4.5, 112], [22.5, 186], [10.5, 226], [279.0, 262]]
[[12.0, 242], [14.5, 244]]
[[6.0, 106], [21.5, 116], [24.5, 152], [21.5, 206], [320.5, 264]]
[[13.5, 178], [22.5, 232]]
[[14.5, 138], [22.5, 182], [15.5, 230], [3.0, 252], [352.0, 266]]
[[18.0, 92], [22.5, 116]]
[[22.5, 74], [332.5, 268]]
[[5.0, 56], [4.0, 82], [22.0, 92], [5.5, 106], [3.5, 122], [25.5, 154], [10.5, 204]]
[[12.0, 122], [325.5, 270]]
[[15.5, 36], [8.5, 76], [25.0, 194]]
[[24.0, 66], [9.5, 146], [279.0, 272]]
[[2.5, 164], [4.5, 210], [24.5, 270]]
[[22.5, 32], [10.5, 106], [19.5, 150], [338.5, 274]]
[]
[[16.5, 74], [225.0, 276]]
[[4.5, 28], [13.5, 36], [21.0, 90], [2.5, 144], [25.5, 158]]
[[273.0, 278]]
[[10.5, 210]]
[[12.5, 0], [14.5, 12], [11.0, 32], [15.5, 134], [20.5, 244], [4.0, 272], [331.5, 280]]
[[22.0, 54], [10.5, 96], [17.5, 160], [19.0, 200]]
[[11.5, 114], [291.5, 282]]
[[24.5, 0], [11.0, 82], [24.5, 110], [9.0, 112], [12.0, 116], [11.5, 154], [10.5, 262], [3.0, 264]]
[[14.5, 102], [12.5, 118], [19.0, 192], [408.0, 284]]
[[11.5, 130], [2.5, 198]]
[[20.5, 234], [9.5, 236], [25.0, 260], [313.5, 286]]
[[6.5, 154], [9.5, 172], [2.0, 204], [2.0, 254], [2.5, 260], [7.5, 276]]
[[14.0, 68], [18.0, 192], [249.0, 288]]
[[25.5, 124], [7.0, 248], [13.0, 282]]
[[22.0, 138], [329.0, 290]]
[[10.0, 258]]
[[12.5, 220], [8.0, 234], [8.5, 258], [343.0, 292]]
[[8.5, 74], [1.5, 92], [25.0, 174], [24.5, 210], [25.0, 230]]
[[10.5, 148], [20.5, 178], [13.5, 200], [24.0, 204], [416.5, 294]]
[[25.0, 180]]
[[17.0, 100], [14.0, 204], [8.0, 214], [348.5, 296]]
[[25.0, 206]]
[[11.5, 24], [21.5, 102], [24.5, 250], [415.5, 298]]
[[20.5, 186]]
[[18.5, 78], [16.5, 290], [248.5, 300]]
[[23.0, 54]]
[[21.0, 160], [13.0, 260], [318.0, 302]]
[[17.5, 152], [6.5, 188]]
[[11.5, 96], [22.5, 98], [5.0, 106], [21.5, 114], [4.0, 152], [19.0, 192], [362.0, 304]]
[[4.5, 20], [18.5, 48], [17.5, 88], [6.5, 140], [10.5, 208], [13.5, 298]]
[[14.0, 30], [6.5, 92], [2.5, 300], [202.5, 306]]
[[17.5, 52], [19.0, 62], [3.5, 66]]
[[1.5, 270], [303.0, 308]]
[[21.5, 24], [17.0, 40], [3.5, 44], [14.0, 202], [19.5, 208], [22.5, 232], [18.5, 298]]
[[18.0, 104], [22.0, 128], [23.5, 158], [14.0, 230], [1.5, 242], [10.0, 292], [348.0, 310]]
[[2.5, 166], [19.0, 190], [11.0, 198], [13.5, 220]]
[[24.0, 266], [304.5, 312]]
[[14.0, 0], [5.5, 72], [18.5, 142], [23.0, 226]]
[[6.0, 24], [6.5, 200], [4.0, 266], [307.5, 314]]
[[25.0, 304]]
[[19.0, 46], [325.0, 316]]
[[10.0, 126], [8.0, 174]]
[[21.5, 44], [24.0, 224], [23.0, 282], [9.0, 284], [315.0, 318]]
[[11.0, 72], [13.5, 156]]
[[19.0, 2], [25.5, 144], [373.0, 320]]
[[8.0, 76], [5.0, 118], [20.0, 264]]
[[5.5, 72], [23.5, 184], [15.0, 196], [4.5, 294], [369.0, 322]]
[]
[[8.5, 172], [17.5, 252], [277.0, 324]]
[[20.0, 36], [1.5, 210], [36.0, 224], [4.0, 322]]
[[209.5, 326]]
[[10.5, 50], [5.0, 108], [3.5, 302]]
[[25.5, 192], [199.5, 328]]
[[25.5, 148]]
[[6.0, 10], [10.5, 82], [1.5, 92], [12.5, 264], [271.0, 330]]
[[22.0, 24], [17.5, 218], [4.5, 278]]
[[20.5, 40], [17.0, 142], [12.0, 190], [5.0, 296], [341.5, 332]]
[[11.0, 154]]
[[25.5, 154], [13.0, 168], [19.5, 206], [1.5, 276], [318.5, 334]]
[]
[[12.0, 20], [14.0, 198], [12.0, 316], [412.5, 336]]
[[13.5, 80], [22.0, 96], [22.0, 132], [12.5, 238], [14.5, 334]]
[[324.0, 338]]
[[3.5, 24], [16.5, 214], [11.5, 230]]
[[4.5, 4], [11.5, 42], [15.5, 228], [302.5, 340]]
[]
[[19.5, 48], [317.5, 342]]
[[24.0, 138], [23.5, 166], [8.5, 320]]
[[20.5, 134], [187.0, 344]]
[[15.5, 222], [11.5, 264]]
[[5.5, 112], [11.5, 138], [6.0, 258], [206.5, 346]]
[]
[[17.5, 148], [5.5, 214], [341.0, 348]]
[[13.0, 230], [7.5, 268]]
[[12.0, 46], [20.5, 104], [16.0, 114], [3.0, 118], [17.5, 136], [3.5, 160], [13.0, 196], [306.0, 350]]
[[10.5, 128], [10.5, 180], [19.5, 308]]
[[21.5, 58], [11.5, 86], [25.5, 218], [6.0, 240], [278.0, 352]]
[[3.5, 4], [2.0, 64]]
[[1.5, 152], [19.0, 190], [190.5, 354]]
[[11.5, 32], [6.0, 114], [16.5, 140], [7.5, 228], [8.5, 256], [7.0, 294]]
[[250.5, 356]]
[]
[[9.5, 160], [22.0, 218], [14.5, 284], [22.5, 356], [321.0, 358]]
[]
[[2.0, 306], [361.5, 360]]
[[13.0, 70], [12.0, 156], [3.0, 158], [3.5, 214]]
[[202.0, 362]]
[[15.5, 80], [3.5, 192], [2.0, 202], [18.0, 240]]
[[251.0, 364]]
[[6.5, 182]]
[[11.0, 76], [13.0, 104], [9.5, 126], [296.0, 366]]
[[2.0, 180]]
[[19.0, 64], [20.0, 222], [232.5, 368]]
[[25.5, 138], [23.0, 216], [24.5, 252], [2.0, 340]]
[[7.5, 138], [259.5, 370]]
[[1.5, 66], [19.0, 132], [8.0, 194], [4.5, 212], [10.0, 332]]
[[9.5, 134], [2.5, 146], [25.0, 292], [24.0, 318], [17.0, 340], [23.5, 350], [336.5, 372]]
[[6.5, 44], [15.0, 94], [2.0, 180]]
[[21.5, 102], [6.0, 132], [3.5, 208], [6.0, 294], [19.5, 354], [363.0, 374]]
[]
[[13.5, 158], [10.5, 312], [376.5, 376]]
[[1.0, 116], [23.5, 256]]
[[248.0, 378]]
[[25.5, 32], [10.5, 50], [16.5, 84], [23.0, 138]]
[[16.5, 40], [2.0, 78], [14.0, 100], [1.5, 236], [195.5, 380]]
[[7.0, 74], [2.0, 368]]
[[13.0, 252], [265.0, 382]]
[]
[[21.0, 124], [22.5, 224], [18.0, 232], [360.0, 384]]
[[16.5, 4], [4.0, 194], [25.0, 268]]
[[2.0, 52], [19.5, 158], [21.5, 292], [2.0, 346], [15.5, 356], [274.5, 386]]
[[25.0, 36]]
[[7.5, 84], [20.5, 300], [4.5, 350], [430.5, 388]]
[[13.5, 116], [15.5, 184]]
[[25.5, 64], [18.0, 114], [19.5, 132], [22.5, 164], [6.0, 178], [6.0, 384], [397.0, 390]]
[[23.5, 70], [4.5, 82], [3.0, 88], [10.5, 304], [17.0, 326], [15.5, 360]]
[[6.5, 214], [12.5, 278], [251.5, 392]]
[[19.5, 10], [8.5, 58], [12.0, 104], [12.5, 144], [25.0, 366]]
[[10.0, 26], [17.5, 94], [3.0, 148], [2.5, 164], [16.5, 230], [7.5, 246], [11.5, 290], [347.0, 394]]
[[19.5, 72], [8.0, 306]]
[[12.5, 356], [231.0, 396]]
[]
[[12.0, 300], [341.0, 398]]
[[18.0, 22]]
[[23.0, 6], [32.5, 42], [10.5, 104], [22.0, 158], [8.0, 194], [17.5, 222], [327.5, 400]]
[[25.0, 8], [12.0, 270], [5.5, 392]]
[[8.5, 188], [4.5, 266], [16.0, 346], [20.0, 378], [242.5, 402]]
[[14.5, 308], [22.0, 336], [19.0, 340]]
[[24.5, 190], [2.5, 236], [14.0, 306], [290.5, 404]]
[[7.0, 72], [5.0, 216], [11.5, 236], [13.0, 248], [16.0, 266], [23.5, 308], [18.5, 316]]
[[23.5, 306], [17.5, 340], [414.5, 406]]
[[25.5, 52], [8.5, 78], [17.0, 278], [23.5, 336], [20.5, 358]]
[[23.0, 132], [1.0, 180], [25.5, 204], [9.0, 284], [291.0, 408]]
[[23.0, 34], [16.5, 192]]
[[280.0, 410]]
[[7.5, 92], [17.0, 132], [2.5, 236], [7.0, 288], [4.0, 306]]
[[10.0, 148], [24.5, 290], [13.0, 342], [283.0, 412]]
[[10.0, 66], [15.5, 88], [16.0, 294], [3.5, 296], [2.5, 350]]
[[9.5, 164], [23.5, 172], [19.5, 376], [324.0, 414]]
[[20.0, 98], [8.5, 122]]
[[11.0, 38], [10.0, 70], [17.5, 180], [347.0, 416]]
[[1.0, 92], [20.5, 276], [20.5, 292]]
[[221.0, 418]]
[[1.0, 18]]
[[5.0, 196], [23.0, 238], [8.5, 290], [23.0, 378], [298.0, 420]]
[[16.5, 26], [11.0, 368]]
[[4.0, 186], [14.0, 248], [21.5, 368], [279.0, 422]]
[[6.0, 68], [18.0, 152], [12.0, 180], [4.0, 234], [25.5, 376]]
[[18.0, 86], [18.0, 94], [6.0, 96], [246.5, 424]]
[[23.5, 58]]
[[13.0, 250], [206.0, 426]]
[[23.5, 104], [13.0, 292], [1.5, 348]]
[[19.0, 358], [218.5, 428]]
[[10.5, 36], [22.0, 80], [6.5, 274], [11.5, 294], [14.5, 328]]
[[13.5, 98], [215.5, 430]]
[]
[[10.0, 232], [24.0, 360], [250.5, 432]]
[]
[[9.5, 140], [7.5, 222], [25.0, 290], [19.0, 386], [315.0, 434]]
[[17.0, 8], [21.0, 66], [24.0, 94], [21.0, 142], [7.5, 184]]
[[14.0, 68], [23.5, 274], [5.5, 410], [11.5, 424], [268.0, 436]]
[[13.0, 238], [22.5, 240]]
[[22.5, 110], [8.5, 432], [256.0, 438]]
[[1.5, 8], [22.5, 44], [5.0, 202], [12.5, 230], [23.0, 376], [8.5, 428]]
[[7.0, 0], [23.5, 58], [12.5, 78], [306.5, 440]]
[[7.5, 68], [24.0, 212], [11.5, 218], [20.0, 260]]
[[7.0, 376], [234.5, 442]]
[[5.0, 70], [18.0, 88], [3.5, 160]]
[[3.0, 238], [19.5, 280], [18.5, 432], [253.5, 444]]
[[11.0, 186], [6.0, 228], [4.5, 238], [6.0, 306], [3.0, 336]]
[[21.0, 236], [8.0, 254], [232.5, 446]]
[[9.5, 108], [14.0, 412]]
[[5.5, 2], [14.5, 12], [25.0, 30], [8.0, 296], [289.0, 448]]
[[9.5, 64], [17.5, 96], [18.5, 206], [9.0, 258]]
[[13.5, 6], [22.5, 244], [21.5, 320], [17.0, 376], [420.5, 450]]
[[1.5, 298]]
[[24.5, 322], [274.5, 452]]
[[20.5, 22], [25.5, 112], [23.5, 228], [24.0, 232], [25.5, 274], [5.5, 282]]
[[20.0, 174], [23.0, 190], [10.0, 242], [361.5, 454]]
[[7.0, 106], [13.0, 120], [18.5, 382], [22.5, 388]]
[[16.5, 358], [310.5, 456]]
[[9.0, 10], [6.0, 130], [5.0, 230], [3.5, 272], [6.0, 362], [23.5, 388]]
[[17.5, 316], [15.0, 388], [201.5, 458]]
[[19.5, 148], [24.0, 186], [13.5, 214], [1.0, 416]]
[[13.0, 64], [8.0, 414], [212.0, 460]]
[[9.0, 110], [12.5, 396]]
[[12.0, 30], [4.5, 218], [14.5, 426], [334.0, 462]]
[]
[[2.0, 106], [17.0, 112], [17.5, 282], [287.0, 464]]
[[19.5, 2], [18.5, 168], [4.5, 262], [9.0, 280], [1.0, 358], [25.0, 418]]
[[18.0, 36], [25.0, 40], [25.5, 250], [1.5, 292], [18.5, 332], [24.0, 368], [4.5, 442], [388.0, 466]]
[[8.0, 138], [3.0, 318], [15.0, 466]]
[[6.0, 96], [9.5, 190], [12.0, 264], [17.5, 456], [18.0, 462], [372.0, 468]]
[[16.0, 300], [13.5, 408]]
[[9.0, 326], [8.0, 434], [213.5, 470]]
[[11.5, 198], [11.5, 242], [8.5, 248]]
[[21.0, 258], [18.5, 386], [261.0, 472]]
[[7.5, 328], [10.5, 352], [6.0, 392]]
[[20.5, 18], [14.5, 24], [7.0, 32], [18.5, 62], [18.0, 146], [299.0, 474]]
[[7.0, 138], [21.5, 244], [18.0, 316]]
[[17.5, 110], [18.5, 114], [24.0, 218], [23.0, 312], [7.0, 324], [362.0, 476]]
[[13.5, 144], [5.0, 148], [18.0, 158], [5.0, 174], [10.5, 322], [18.5, 414], [23.5, 418]]
[[4.0, 24], [17.5, 152], [20.5, 200], [17.5, 476], [301.5, 478]]
[[13.0, 364]]
[[14.5, 154], [196.5, 480]]
[[25.0, 166]]
[[24.0, 354], [267.0, 482]]
[[9.5, 188]]
[[22.5, 74], [3.0, 82], [3.5, 294], [23.0, 332], [23.0, 342], [21.5, 360], [346.0, 484]]
[[10.0, 72], [7.5, 82], [24.0, 416]]
[[2.0, 14], [14.5, 134], [19.5, 158], [24.5, 226], [20.0, 364], [5.5, 476], [335.5, 486]]
[[14.5, 194], [12.0, 304]]
[[5.5, 404], [219.5, 488]]
[[20.5, 302], [13.0, 446]]
[[13.0, 360], [24.5, 450], [246.5, 490]]
[[9.5, 312], [16.5, 460]]
[[6.5, 36], [20.5, 78], [20.0, 82], [17.5, 162], [24.0, 390], [24.5, 394], [333.0, 492]]
[[4.5, 316]]
[[195.0, 494]]
[[6.5, 146], [6.0, 236], [22.5, 464]]
[[10.5, 442], [277.5, 496]]
[[6.5, 0], [1.5, 22], [16.5, 260]]
[[23.0, 208], [6.5, 246], [293.5, 498]]
[[22.5, 28]]
[[25.0, 36], [10.5, 80], [317.0, 500]]
[]
[[22.5, 126], [290.5, 502]]
[[9.0, 10], [16.0, 62], [20.5, 158], [4.0, 180], [2.5, 442]]
[[10.0, 250], [9.5, 268], [25.0, 336], [6.5, 338], [15.5, 348], [310.5, 504]]
[[24.0, 42], [17.0, 188], [20.5, 412]]
[[16.5, 36], [25.0, 308], [8.0, 334], [9.5, 346], [2.0, 388], [378.5, 506]]
[[17.5, 6], [6.5, 232], [15.5, 342], [13.0, 456]]
[[16.0, 62], [18.0, 128], [19.5, 150], [13.0, 238], [17.5, 486], [359.0, 508]]
[[14.0, 290]]
[[9.5, 2], [17.0, 168], [224.0, 510]]
[[13.0, 114], [24.0, 284], [20.5, 466], [20.0, 488]]
[[19.0, 122], [4.5, 416], [2.0, 478], [17.5, 504], [210.5, 512]]
[[13.0, 124], [16.0, 186], [25.0, 284], [18.5, 298], [22.0, 332], [21.0, 468]]
[[10.5, 108], [22.0, 168], [3.5, 266], [312.5, 514]]
[[6.5, 18], [15.5, 100], [16.5, 202], [17.0, 302], [19.0, 374], [11.0, 448]]
[[14.5, 42], [2.0, 292], [267.5, 516]]
[[4.0, 458]]
[[161.0, 518]]
[[23.5, 212], [24.0, 340]]
[[21.5, 172], [13.5, 176], [22.5, 206], [13.5, 394], [20.5, 460], [309.0, 520]]
[]
[[15.5, 338], [19.5, 486], [22.5, 498], [291.0, 522]]
[[2.5, 142], [15.0, 410]]
[[10.5, 164], [6.0, 190], [283.0, 524]]
[[7.5, 108]]
[[10.0, 204], [13.5, 370], [6.0, 422], [286.0, 526]]
[[8.0, 50], [9.5, 52], [2.0, 408], [19.5, 514]]
[[9.5, 36], [1.0, 72], [17.5, 100], [279.0, 528]]
[[7.0, 342], [7.0, 434], [10.0, 510]]
[[5.0, 142], [174.0, 530]]
[[19.0, 148], [19.5, 176], [7.5, 500]]
[[13.0, 14], [8.0, 26], [5.5, 58], [5.5, 100], [9.0, 108], [15.5, 134], [255.0, 532]]
[[18.0, 24], [7.0, 172], [6.5, 252], [5.5, 342], [4.5, 524]]
[[7.5, 2], [18.0, 122], [13.0, 176], [19.5, 310], [21.0, 440], [270.0, 534]]
[[8.5, 288]]
[[16.5, 238], [11.0, 282], [9.5, 406], [19.0, 480], [391.5, 536]]
[[22.5, 10], [22.5, 44], [14.5, 490], [13.5, 508]]
[[15.0, 198], [1.0, 226], [287.0, 538]]
[[19.0, 64], [11.5, 422]]
[[11.0, 50], [23.0, 118], [8.5, 130], [1.5, 150], [188.5, 540]]
[[20.5, 34], [15.0, 44], [22.0, 360], [13.5, 438], [21.5, 476], [17.5, 504], [3.0, 508]]
[[290.5, 542]]
[[1.0, 174], [14.5, 360]]
[[21.0, 90], [275.5, 544]]
[]
[[9.5, 222], [20.0, 246], [22.0, 492], [273.0, 546]]
[[2.0, 30], [21.0, 284], [38.5, 336]]
[[15.0, 408], [6.5, 442], [198.5, 548]]
[[24.5, 324], [9.0, 348], [11.5, 360]]
[[19.5, 54], [14.0, 220], [12.0, 376], [316.0, 550]]
[[1.5, 74], [13.5, 266], [10.0, 270], [5.5, 280], [18.5, 390], [3.0, 418]]
[[1.5, 84], [22.5, 264], [21.5, 284], [8.0, 310], [15.0, 510], [1.0, 520], [275.0, 552]]
[[10.5, 8], [18.0, 442]]
[[24.0, 210], [10.5, 246], [245.0, 554]]
[[3.0, 52], [17.0, 124], [20.0, 388], [24.5, 406], [9.0, 416], [23.0, 424], [16.5, 456]]
[[6.5, 162], [24.5, 298], [3.0, 318], [183.0, 556]]
[[9.5, 448]]
[[25.0, 132], [25.5, 260], [322.5, 558]]
[[23.0, 142], [23.0, 148], [15.5, 214], [18.5, 234]]
[[24.5, 474], [239.5, 560]]
[[7.0, 2], [22.0, 196], [13.0, 360]]
[[13.5, 544], [181.0, 562]]
[[10.5, 12], [17.5, 126], [13.0, 162], [5.0, 342], [21.5, 378], [25.0, 466], [1.5, 476]]
[[8.5, 94], [6.5, 174], [20.5, 176], [24.5, 344], [3.0, 378], [271.0, 564]]
[[25.0, 20], [23.0, 542]]
[[12.0, 122], [4.5, 202], [4.5, 270], [13.5, 320], [11.0, 346], [12.5, 532], [9.5, 550], [280.5, 566]]
[[12.0, 360]]
[[5.0, 160], [7.0, 172], [12.5, 466], [227.5, 568]]
[[15.5, 30], [5.0, 42], [6.5, 128], [23.5, 514]]
[[14.0, 10], [20.5, 58], [18.5, 160], [7.5, 430], [330.5, 570]]
[[1.5, 58], [17.5, 316], [8.0, 328], [25.5, 388], [6.5, 516]]
[[18.5, 494], [292.0, 572]]
[[17.0, 24], [16.0, 312], [4.5, 376], [20.5, 498], [19.5, 510], [11.0, 536], [22.0, 572]]
[[19.5, 450], [147.5, 574]]
[[5.5, 130], [15.5, 226], [19.0, 248], [15.0, 442]]
[[23.0, 62], [8.5, 100], [2.5, 220], [298.5, 576]]
[]
[[14.0, 166], [7.0, 206], [16.0, 572], [325.5, 578]]
[]
[[11.0, 204], [18.5, 248], [261.5, 580]]
[[8.0, 204], [8.5, 332]]
[[14.5, 96], [18.0, 434], [303.5, 582]]
[[10.0, 282], [11.0, 568]]
[[16.5, 262], [205.0, 584]]
[[9.5, 20], [14.0, 196], [8.5, 520]]
[[23.5, 228], [243.0, 586]]
[[23.5, 116], [5.5, 244], [20.0, 410]]
[[25.5, 572], [227.5, 588]]
[[13.5, 230], [10.5, 520], [13.5, 528], [6.5, 552]]
[[1.5, 342], [19.0, 430], [23.0, 578], [364.5, 590]]
[[14.5, 8], [14.0, 106], [9.5, 588]]
[[2.0, 130], [2.5, 182], [22.5, 584], [238.5, 592]]
[[11.0, 92]]
[[18.0, 86], [14.5, 396], [13.5, 528], [271.0, 594]]
[[22.0, 480]]
[[14.0, 72], [10.5, 270], [11.0, 320], [20.0, 440], [319.0, 596]]
[[9.0, 116], [18.0, 276]]
[[1.5, 178], [12.5, 220], [20.0, 290], [11.0, 444], [19.0, 500], [241.0, 598]]
[[19.0, 120], [11.0, 368]]
[[12.0, 50], [19.5, 144], [23.0, 404], [8.0, 588], [311.0, 600]]
[[11.0, 144], [12.0, 288], [2.5, 402], [22.5, 434]]
[[9.0, 304], [296.0, 602]]
[[13.5, 432], [5.5, 530], [6.5, 536], [1.0, 540]]
[[13.0, 48], [6.0, 152], [23.0, 190], [14.5, 240], [22.5, 274], [24.0, 534], [304.0, 604]]
[]
[[7.0, 232], [158.0, 606]]
[[8.0, 14], [8.5, 174], [6.5, 298], [25.5, 444]]
[[5.5, 412], [213.5, 608]]
[[24.5, 204]]
[[10.5, 12], [17.5, 36], [4.0, 102], [13.0, 226], [190.0, 610]]
[[21.5, 34]]
[[6.5, 460], [246.0, 612]]
[]
[[20.0, 102], [14.5, 198], [15.0, 388], [11.0, 406], [290.5, 614]]
[[3.0, 48], [11.0, 146], [10.5, 316]]
[[5.5, 182], [7.0, 490], [287.0, 616]]
[[11.5, 78], [15.5, 112], [5.5, 136], [16.0, 146], [19.0, 308], [18.0, 458], [15.0, 526]]
[[6.5, 240], [217.5, 618]]
[]
[[1.0, 446], [229.5, 620]]
[[8.0, 130], [18.0, 228], [1.0, 330], [3.5, 530]]
[[19.5, 66], [11.5, 120], [1.5, 202], [24.5, 450], [9.5, 584], [7.0, 618], [288.5, 622]]
[[7.0, 130]]
[[211.5, 624]]
[[22.5, 500], [18.5, 590]]
[[14.0, 82], [12.5, 118], [1.0, 210], [7.5, 546], [11.0, 598], [14.5, 600], [224.5, 626]]
[[25.0, 336]]
[[21.5, 84], [16.0, 224], [22.5, 248], [4.0, 568], [17.5, 624], [350.0, 628]]
[[1.5, 186], [21.5, 278]]
[[9.5, 450], [138.5, 630]]
[[5.5, 130], [10.5, 210], [7.5, 214], [12.5, 342], [25.5, 468], [20.0, 484]]
[[2.0, 252], [20.0, 408], [14.5, 560], [180.0, 632]]
[[14.5, 268]]
[[18.5, 26], [20.0, 132], [12.0, 180], [21.5, 538], [22.0, 602], [283.5, 634]]
[[3.0, 180], [12.0, 258]]
[[14.5, 416], [23.0, 474], [25.5, 602], [310.0, 636]]
[[3.5, 234], [7.5, 256], [15.0, 428]]
[[17.0, 400], [23.0, 404], [1.0, 468], [10.0, 546], [20.0, 612]]
