[[256542.25, 0]]
[]
[[313600.0, 0]]
[[6837.75, 0]]
[[121628.25, 0], [121628.25, 1]]
[[8960.0, 0]]
[[279841.0, 0]]
[[21811.0, 0], [21811.0, 1]]
[[438452.25, 0], [438452.25, 1]]
[[7344.25, 0]]
[[467801.0, 0], [467801.0, 1], [467801.0, 2]]
[[3096.0, 0]]
[[403979.5, 0], [403979.5, 1], [403979.5, 2]]
[]
[[267181.0, 0], [267181.0, 1], [267181.0, 2], [267181.0, 3]]
[[28593.0, 0], [28593.0, 1], [28593.0, 2]]
[[335284.25, 0], [335284.25, 1], [335284.25, 2]]
[[36966.0, 0], [36966.0, 1], [36966.0, 2]]
[[223874.5, 0], [223874.5, 1]]
[[29038.25, 0], [29038.25, 1], [29038.25, 2], [29038.25, 3]]
[[315666.0, 0], [315666.0, 1], [315666.0, 2], [315666.0, 3], [315666.0, 4]]
[[27848.25, 0], [27848.25, 1], [27848.25, 2]]
[[327315.0, 0], [327315.0, 1], [327315.0, 2]]
[[2752.0, 0]]
[[443941.25, 0], [443941.25, 1], [443941.25, 2], [443941.25, 3], [443941.25, 4]]
[[15672.0, 0], [15672.0, 1]]
[[441534.25, 0], [441534.25, 1], [441534.25, 2], [441534.25, 3], [441534.25, 4], [441534.25, 5]]
[[46109.25, 0], [46109.25, 1], [46109.25, 2], [46109.25, 3]]
[[225413.75, 0], [225413.75, 1]]
[]
[[122861.75, 0], [122861.75, 1], [122861.75, 2], [122861.75, 3]]
[[25099.25, 0], [25099.25, 1], [25099.25, 2]]
[[248633.0, 0], [248633.0, 1]]
[]
[[290251.25, 0], [290251.25, 1], [290251.25, 2], [290251.25, 3]]
[[1615.25, 0]]
[[356939.5, 0], [356939.5, 1], [356939.5, 2], [356939.5, 3], [356939.5, 4], [356939.5, 5], [356939.5, 6]]
[[84136.0, 0], [84136.0, 1], [84136.0, 2], [84136.0, 3], [84136.0, 4], [84136.0, 5]]
[[388081.0, 0], [388081.0, 1]]
[[20068.5, 0], [20068.5, 1]]
[[312725.25, 0], [312725.25, 1], [312725.25, 2], [312725.25, 3]]
[]
[[319467.0, 0], [319467.0, 1], [319467.0, 2], [319467.0, 3], [319467.0, 4], [319467.0, 5], [319467.0, 6], [319467.0, 7]]
[[18680.5, 0], [18680.5, 1]]
[[161202.25, 0]]
[[23267.25, 0], [23267.25, 1]]
[[230655.75, 0], [230655.75, 1], [230655.75, 2], [230655.75, 3], [230655.75, 4]]
[[9759.75, 0]]
[[361134.75, 0], [361134.75, 1], [361134.75, 2], [361134.75, 3], [361134.75, 4], [361134.75, 5]]
[]
[[122869.5, 0], [122869.5, 1]]
[[37709.5, 0], [37709.5, 1], [37709.5, 2], [37709.5, 3]]
[[239082.75, 0], [239082.75, 1]]
[[10053.75, 0], [10053.75, 1]]
[[273959.75, 0], [273959.75, 1], [273959.75, 2]]
[[24018.5, 0], [24018.5, 1], [24018.5, 2]]
[[280244.25, 0], [280244.25, 1], [280244.25, 2], [280244.25, 3], [280244.25, 4]]
[[9800.0, 0]]
[[157172.25, 0], [157172.25, 1]]
[[10518.5, 0], [10518.5, 1]]
[[212221.0, 0], [212221.0, 1], [212221.0, 2]]
[[28617.5, 0], [28617.5, 1], [28617.5, 2], [28617.5, 3], [28617.5, 4]]
[[295007.0, 0], [295007.0, 1]]
[[60365.25, 0], [60365.25, 1], [60365.25, 2], [60365.25, 3], [60365.25, 4], [60365.25, 5], [60365.25, 6]]
[[201886.25, 0], [201886.25, 1], [201886.25, 2]]
[[1266.25, 0]]
[[153402.0, 0], [153402.0, 1], [153402.0, 2]]
[[29671.75, 0], [29671.75, 1], [29671.75, 2]]
[[194245.75, 0], [194245.75, 1]]
[[46594.0, 0], [46594.0, 1], [46594.0, 2], [46594.0, 3], [46594.0, 4], [46594.0, 5], [46594.0, 6]]
[[156782.5, 0], [156782.5, 1], [156782.5, 2]]
[[27038.75, 0], [27038.75, 1], [27038.75, 2], [27038.75, 3]]
[[190760.25, 0], [190760.25, 1], [190760.25, 2], [190760.25, 3], [190760.25, 4]]
[]
[[151144.25, 0], [151144.25, 1]]
[[50722.5, 0], [50722.5, 1], [50722.5, 2], [50722.5, 3], [50722.5, 4]]
[[137439.25, 0], [137439.25, 1], [137439.25, 2], [137439.25, 3]]
[[50457.5, 0], [50457.5, 1], [50457.5, 2], [50457.5, 3], [50457.5, 4]]
[[289882.5, 0], [289882.5, 1]]
[[20959.5, 0], [20959.5, 1], [20959.5, 2], [20959.5, 3]]
[[273844.25, 0], [273844.25, 1], [273844.25, 2]]
[[19591.0, 0], [19591.0, 1], [19591.0, 2], [19591.0, 3]]
[[256826.0, 0], [256826.0, 1], [256826.0, 2]]
[[26941.5, 0], [26941.5, 1], [26941.5, 2], [26941.5, 3]]
[[197648.0, 0], [197648.0, 1], [197648.0, 2], [197648.0, 3]]
[[10760.0, 0], [10760.0, 1]]
[[152636.0, 0], [152636.0, 1]]
[[42437.75, 0], [42437.75, 1], [42437.75, 2], [42437.75, 3], [42437.75, 4]]
[[141642.5, 0], [141642.5, 1], [141642.5, 2]]
[]
[[135424.0, 0]]
[[24904.0, 0], [24904.0, 1], [24904.0, 2]]
[[183676.75, 0], [183676.75, 1], [183676.75, 2]]
[[18296.5, 0], [18296.5, 1], [18296.5, 2]]
[[330225.5, 0], [330225.5, 1], [330225.5, 2], [330225.5, 3], [330225.5, 4], [330225.5, 5], [330225.5, 6]]
[[26781.0, 0], [26781.0, 1], [26781.0, 2], [26781.0, 3]]
[[60516.0, 0]]
[]
[[295519.25, 0], [295519.25, 1], [295519.25, 2], [295519.25, 3], [295519.25, 4], [295519.25, 5], [295519.25, 6], [295519.25, 7]]
[]
[[251897.25, 0], [251897.25, 1], [251897.25, 2], [251897.25, 3]]
[[688.0, 0]]
[[188474.25, 0], [188474.25, 1], [188474.25, 2], [188474.25, 3], [188474.25, 4], [188474.25, 5]]
[]
[[227752.0, 0], [227752.0, 1], [227752.0, 2], [227752.0, 3], [227752.0, 4]]
[[26751.0, 0], [26751.0, 1], [26751.0, 2]]
[[214700.25, 0], [214700.25, 1], [214700.25, 2], [214700.25, 3], [214700.25, 4]]
[[28089.5, 0], [28089.5, 1], [28089.5, 2]]
[[271444.25, 0], [271444.25, 1], [271444.25, 2], [271444.25, 3]]
[[33719.25, 0], [33719.25, 1], [33719.25, 2], [33719.25, 3], [33719.25, 4], [33719.25, 5], [33719.25, 6]]
[[158046.0, 0], [158046.0, 1], [158046.0, 2], [158046.0, 3]]
[[34072.0, 0], [34072.0, 1], [34072.0, 2], [34072.0, 3]]
[[167018.5, 0], [167018.5, 1]]
[[28783.25, 0], [28783.25, 1], [28783.25, 2]]
[[162702.25, 0], [162702.25, 1], [162702.25, 2]]
[[50126.25, 0], [50126.25, 1], [50126.25, 2], [50126.25, 3], [50126.25, 4], [50126.25, 5], [50126.25, 6], [50126.25, 7], [50126.25, 8]]
[[321937.0, 0], [321937.0, 1], [321937.0, 2], [321937.0, 3], [321937.0, 4], [321937.0, 5], [321937.0, 6]]
[[16377.75, 0], [16377.75, 1], [16377.75, 2]]
[[88209.0, 0]]
[]
[[239777.5, 0], [239777.5, 1], [239777.5, 2], [239777.5, 3], [239777.5, 4], [239777.5, 5], [239777.5, 6]]
[[12768.75, 0], [12768.75, 1]]
[[93330.25, 0]]
[[20045.0, 0], [20045.0, 1], [20045.0, 2], [20045.0, 3]]
[[146506.75, 0], [146506.75, 1], [146506.75, 2]]
[[5497.0, 0]]
[[220247.75, 0], [220247.75, 1], [220247.75, 2], [220247.75, 3]]
[[11091.25, 0], [11091.25, 1]]
[[132866.25, 0], [132866.25, 1], [132866.25, 2]]
[[12258.0, 0], [12258.0, 1]]
[[66049.0, 0]]
[[35416.0, 0], [35416.0, 1], [35416.0, 2], [35416.0, 3]]
[[202245.0, 0], [202245.0, 1], [202245.0, 2], [202245.0, 3]]
[[2453.75, 0]]
[[237253.25, 0], [237253.25, 1], [237253.25, 2], [237253.25, 3], [237253.25, 4]]
[[1527.5, 0]]
[[175238.25, 0], [175238.25, 1], [175238.25, 2]]
[[14278.25, 0], [14278.25, 1], [14278.25, 2]]
[[152451.75, 0], [152451.75, 1], [152451.75, 2], [152451.75, 3]]
[[53235.25, 0], [53235.25, 1], [53235.25, 2], [53235.25, 3], [53235.25, 4], [53235.25, 5], [53235.25, 6], [53235.25, 7]]
[[102891.25, 0], [102891.25, 1], [102891.25, 2]]
[[14719.0, 0], [14719.0, 1], [14719.0, 2]]
[[123869.5, 0], [123869.5, 1]]
[[15326.0, 0], [15326.0, 1], [15326.0, 2]]
[[218059.25, 0], [218059.25, 1], [218059.25, 2]]
[[38312.25, 0], [38312.25, 1], [38312.25, 2], [38312.25, 3], [38312.25, 4], [38312.25, 5]]
[[248485.5, 0], [248485.5, 1], [248485.5, 2], [248485.5, 3], [248485.5, 4], [248485.5, 5], [248485.5, 6]]
[[18993.5, 0], [18993.5, 1], [18993.5, 2]]
[[171962.5, 0], [171962.5, 1], [171962.5, 2], [171962.5, 3], [171962.5, 4], [171962.5, 5]]
[[15961.5, 0], [15961.5, 1]]
[[214454.25, 0], [214454.25, 1], [214454.25, 2], [214454.25, 3], [214454.25, 4], [214454.25, 5], [214454.25, 6], [214454.25, 7], [214454.25, 8]]
[[4644.0, 0]]
[[133790.75, 0], [133790.75, 1], [133790.75, 2], [133790.75, 3]]
[[14128.0, 0], [14128.0, 1], [14128.0, 2]]
[[80325.0, 0], [80325.0, 1]]
[[37352.5, 0], [37352.5, 1], [37352.5, 2], [37352.5, 3], [37352.5, 4]]
[[214100.0, 0], [214100.0, 1], [214100.0, 2], [214100.0, 3]]
[[21901.0, 0], [21901.0, 1]]
[[118680.25, 0]]
[[4215.0, 0]]
[[134997.75, 0], [134997.75, 1], [134997.75, 2]]
[[11181.25, 0], [11181.25, 1]]
[[138433.25, 0], [138433.25, 1], [138433.25, 2], [138433.25, 3]]
[[13325.0, 0], [13325.0, 1]]
[[125696.5, 0], [125696.5, 1], [125696.5, 2], [125696.5, 3], [125696.5, 4], [125696.5, 5]]
[[21346.5, 0], [21346.5, 1]]
[[151683.0, 0], [151683.0, 1], [151683.0, 2]]
[[26623.75, 0], [26623.75, 1], [26623.75, 2], [26623.75, 3]]
[[260662.25, 0], [260662.25, 1]]
[[23173.0, 0], [23173.0, 1], [23173.0, 2], [23173.0, 3]]
[[48620.25, 0]]
[]
[[139867.75, 0], [139867.75, 1], [139867.75, 2], [139867.75, 3], [139867.75, 4]]
[[13412.25, 0], [13412.25, 1], [13412.25, 2]]
[[166663.5, 0], [166663.5, 1], [166663.5, 2], [166663.5, 3], [166663.5, 4]]
[[5076.75, 0]]
[[160397.5, 0], [160397.5, 1], [160397.5, 2], [160397.5, 3]]
[[16402.5, 0], [16402.5, 1]]
[[76263.25, 0], [76263.25, 1]]
[[14812.0, 0], [14812.0, 1], [14812.0, 2]]
[[142801.0, 0], [142801.0, 1], [142801.0, 2], [142801.0, 3]]
[[14314.5, 0], [14314.5, 1], [14314.5, 2]]
[[156356.25, 0], [156356.25, 1], [156356.25, 2], [156356.25, 3], [156356.25, 4], [156356.25, 5]]
[[22532.5, 0], [22532.5, 1], [22532.5, 2]]
[[173815.75, 0], [173815.75, 1]]
[[21892.25, 0], [21892.25, 1], [21892.25, 2], [21892.25, 3]]
[[126025.0, 0]]
[[2178.0, 0]]
[[179875.5, 0], [179875.5, 1], [179875.5, 2], [179875.5, 3], [179875.5, 4]]
[[8742.0, 0]]
[[144009.75, 0], [144009.75, 1]]
[[38300.5, 0], [38300.5, 1], [38300.5, 2], [38300.5, 3], [38300.5, 4], [38300.5, 5], [38300.5, 6], [38300.5, 7]]
[[119157.25, 0], [119157.25, 1]]
[[24272.75, 0], [24272.75, 1], [24272.75, 2]]
[[266144.0, 0], [266144.0, 1], [266144.0, 2], [266144.0, 3], [266144.0, 4], [266144.0, 5]]
[[34108.5, 0], [34108.5, 1], [34108.5, 2], [34108.5, 3], [34108.5, 4]]
[[151547.75, 0], [151547.75, 1], [151547.75, 2], [151547.75, 3], [151547.75, 4]]
[[14917.0, 0], [14917.0, 1], [14917.0, 2]]
[[144363.0, 0], [144363.0, 1], [144363.0, 2], [144363.0, 3], [144363.0, 4], [144363.0, 5]]
[[26566.5, 0], [26566.5, 1], [26566.5, 2], [26566.5, 3]]
[[117728.25, 0], [117728.25, 1], [117728.25, 2], [117728.25, 3]]
[[21451.25, 0], [21451.25, 1], [21451.25, 2], [21451.25, 3]]
[[122646.25, 0], [122646.25, 1]]
[[18237.0, 0], [18237.0, 1], [18237.0, 2], [18237.0, 3], [18237.0, 4]]
[[110274.75, 0], [110274.75, 1], [110274.75, 2]]
[[21330.5, 0], [21330.5, 1], [21330.5, 2]]
[[202035.5, 0], [202035.5, 1], [202035.5, 2], [202035.5, 3]]
[[21259.75, 0], [21259.75, 1]]
[[136709.0, 0], [136709.0, 1], [136709.0, 2]]
[[8056.5, 0]]
[[65880.25, 0], [65880.25, 1], [65880.25, 2]]
[[26854.0, 0], [26854.0, 1]]
[[183201.0, 0], [183201.0, 1], [183201.0, 2], [183201.0, 3], [183201.0, 4], [183201.0, 5], [183201.0, 6]]
[[15514.5, 0], [15514.5, 1], [15514.5, 2]]
[[115454.75, 0], [115454.75, 1], [115454.75, 2]]
[]
[[198309.0, 0], [198309.0, 1], [198309.0, 2], [198309.0, 3], [198309.0, 4], [198309.0, 5], [198309.0, 6]]
[[33522.5, 0], [33522.5, 1], [33522.5, 2], [33522.5, 3], [33522.5, 4]]
[[204598.25, 0], [204598.25, 1], [204598.25, 2], [204598.25, 3], [204598.25, 4], [204598.25, 5], [204598.25, 6]]
[[22149.25, 0], [22149.25, 1], [22149.25, 2]]
[[193712.5, 0], [193712.5, 1], [193712.5, 2], [193712.5, 3], [193712.5, 4], [193712.5, 5]]
[[30647.75, 0], [30647.75, 1], [30647.75, 2], [30647.75, 3], [30647.75, 4]]
[[127521.25, 0], [127521.25, 1], [127521.25, 2], [127521.25, 3], [127521.25, 4], [127521.25, 5], [127521.25, 6]]
[[7871.75, 0], [7871.75, 1]]
[[109177.75, 0], [109177.75, 1], [109177.75, 2], [109177.75, 3], [109177.75, 4]]
[[13013.0, 0], [13013.0, 1], [13013.0, 2], [13013.0, 3]]
[[81837.75, 0], [81837.75, 1], [81837.75, 2]]
[[17460.75, 0], [17460.75, 1], [17460.75, 2]]
[[167945.5, 0], [167945.5, 1], [167945.5, 2], [167945.5, 3], [167945.5, 4]]
[[15412.0, 0], [15412.0, 1]]
[[148443.5, 0], [148443.5, 1], [148443.5, 2], [148443.5, 3]]
[[1620.0, 0]]
[[56554.0, 0], [56554.0, 1], [56554.0, 2]]
[[1047.5, 0]]
[[216328.0, 0], [216328.0, 1], [216328.0, 2], [216328.0, 3]]
[[39449.0, 0], [39449.0, 1], [39449.0, 2], [39449.0, 3]]
[[128448.25, 0], [128448.25, 1], [128448.25, 2], [128448.25, 3]]
[[8043.75, 0]]
[[101692.75, 0], [101692.75, 1], [101692.75, 2], [101692.75, 3], [101692.75, 4]]
[[38873.5, 0], [38873.5, 1], [38873.5, 2], [38873.5, 3], [38873.5, 4]]
[[126244.75, 0], [126244.75, 1]]
[[9720.75, 0], [9720.75, 1], [9720.75, 2]]
[[113233.5, 0], [113233.5, 1]]
[[11330.0, 0], [11330.0, 1]]
[[88036.5, 0], [88036.5, 1], [88036.5, 2]]
[[38575.5, 0], [38575.5, 1], [38575.5, 2], [38575.5, 3], [38575.5, 4], [38575.5, 5]]
[[149158.5, 0], [149158.5, 1], [149158.5, 2]]
[[23912.5, 0], [23912.5, 1], [23912.5, 2], [23912.5, 3]]
[[132230.75, 0], [132230.75, 1], [132230.75, 2], [132230.75, 3]]
[[68225.5, 0], [68225.5, 1], [68225.5, 2], [68225.5, 3], [68225.5, 4], [68225.5, 5], [68225.5, 6], [68225.5, 7], [68225.5, 8]]
[[93371.5, 0], [93371.5, 1], [93371.5, 2]]
[[33380.75, 0], [33380.75, 1], [33380.75, 2], [33380.75, 3]]
[[84550.0, 0], [84550.0, 1], [84550.0, 2], [84550.0, 3]]
[[12282.75, 0], [12282.75, 1], [12282.75, 2], [12282.75, 3]]
[[85893.5, 0], [85893.5, 1], [85893.5, 2], [85893.5, 3], [85893.5, 4], [85893.5, 5]]
[[18897.0, 0], [18897.0, 1], [18897.0, 2], [18897.0, 3], [18897.0, 4], [18897.0, 5]]
[[167810.75, 0], [167810.75, 1], [167810.75, 2], [167810.75, 3], [167810.75, 4], [167810.75, 5], [167810.75, 6], [167810.75, 7], [167810.75, 8]]
[[12421.0, 0], [12421.0, 1], [12421.0, 2]]
[[131588.5, 0], [131588.5, 1], [131588.5, 2], [131588.5, 3], [131588.5, 4], [131588.5, 5]]
[]
[[104109.75, 0], [104109.75, 1], [104109.75, 2]]
[]
[[182180.5, 0], [182180.5, 1], [182180.5, 2], [182180.5, 3]]
[[16269.0, 0], [16269.0, 1], [16269.0, 2]]
[[160179.25, 0], [160179.25, 1], [160179.25, 2], [160179.25, 3], [160179.25, 4], [160179.25, 5]]
[[5167.5, 0]]
[[124962.25, 0]]
[]
[[207981.0, 0], [207981.0, 1], [207981.0, 2], [207981.0, 3], [207981.0, 4], [207981.0, 5], [207981.0, 6]]
[[2919.0, 0], [2919.0, 1]]
[[160169.75, 0], [160169.75, 1], [160169.75, 2], [160169.75, 3]]
[[7078.5, 0]]
[[59665.5, 0], [59665.5, 1]]
[[2425.5, 0]]
[[148743.0, 0], [148743.0, 1], [148743.0, 2], [148743.0, 3], [148743.0, 4], [148743.0, 5]]
[[24683.25, 0], [24683.25, 1], [24683.25, 2], [24683.25, 3], [24683.25, 4], [24683.25, 5]]
[[212181.5, 0], [212181.5, 1], [212181.5, 2], [212181.5, 3], [212181.5, 4], [212181.5, 5]]
[[4675.0, 0]]
[[75107.25, 0], [75107.25, 1]]
[]
[[111768.0, 0], [111768.0, 1], [111768.0, 2], [111768.0, 3], [111768.0, 4]]
[[10383.75, 0]]
[[101480.75, 0], [101480.75, 1], [101480.75, 2], [101480.75, 3]]
[]
[[62750.25, 0]]
[[23844.5, 0], [23844.5, 1]]
[[47520.75, 0], [47520.75, 1]]
[[5184.75, 0]]
[[188164.25, 0], [188164.25, 1], [188164.25, 2]]
[[25216.0, 0], [25216.0, 1]]
[[163765.25, 0], [163765.25, 1], [163765.25, 2], [163765.25, 3]]
[[12911.5, 0], [12911.5, 1], [12911.5, 2], [12911.5, 3]]
[[87061.75, 0], [87061.75, 1], [87061.75, 2], [87061.75, 3], [87061.75, 4], [87061.75, 5]]
[[19813.75, 0], [19813.75, 1], [19813.75, 2], [19813.75, 3], [19813.75, 4]]
[[143306.75, 0], [143306.75, 1], [143306.75, 2], [143306.75, 3], [143306.75, 4]]
[[13383.0, 0], [13383.0, 1]]
[[77846.25, 0], [77846.25, 1]]
[[12536.75, 0], [12536.75, 1], [12536.75, 2]]
[[249090.25, 0], [249090.25, 1], [249090.25, 2], [249090.25, 3], [249090.25, 4], [249090.25, 5]]
[[16778.5, 0], [16778.5, 1], [16778.5, 2]]
[[122787.25, 0], [122787.25, 1], [122787.25, 2], [122787.25, 3], [122787.25, 4], [122787.25, 5], [122787.25, 6]]
[[18682.75, 0], [18682.75, 1], [18682.75, 2], [18682.75, 3]]
[[157727.5, 0], [157727.5, 1], [157727.5, 2], [157727.5, 3], [157727.5, 4]]
[[7088.5, 0], [7088.5, 1]]
[[135883.5, 0], [135883.5, 1], [135883.5, 2], [135883.5, 3]]
[[7362.5, 0]]
[[98260.75, 0], [98260.75, 1], [98260.75, 2]]
[[7622.0, 0]]
[[72077.5, 0], [72077.5, 1], [72077.5, 2], [72077.5, 3]]
[[6476.25, 0], [6476.25, 1]]
[[213665.5, 0], [213665.5, 1], [213665.5, 2], [213665.5, 3], [213665.5, 4], [213665.5, 5], [213665.5, 6], [213665.5, 7]]
[[33361.25, 0], [33361.25, 1], [33361.25, 2], [33361.25, 3]]
[[158967.75, 0], [158967.75, 1], [158967.75, 2], [158967.75, 3]]
[]
[[65437.25, 0], [65437.25, 1], [65437.25, 2], [65437.25, 3]]
[]
[[59411.0, 0], [59411.0, 1]]
[[23406.0, 0], [23406.0, 1], [23406.0, 2], [23406.0, 3]]
[[80493.75, 0], [80493.75, 1]]
[[3935.75, 0]]
[[44732.25, 0]]
[]
[[175046.75, 0], [175046.75, 1], [175046.75, 2], [175046.75, 3]]
[[47943.75, 0], [47943.75, 1], [47943.75, 2], [47943.75, 3], [47943.75, 4], [47943.75, 5]]
[[134017.75, 0], [134017.75, 1]]
[[15060.25, 0], [15060.25, 1], [15060.25, 2], [15060.25, 3]]
[[84795.25, 0], [84795.25, 1]]
[[34164.25, 0], [34164.25, 1], [34164.25, 2], [34164.25, 3], [34164.25, 4]]
[[65180.75, 0], [65180.75, 1], [65180.75, 2], [65180.75, 3]]
[[38771.0, 0], [38771.0, 1], [38771.0, 2], [38771.0, 3], [38771.0, 4], [38771.0, 5], [38771.0, 6]]
[[176942.75, 0], [176942.75, 1], [176942.75, 2], [176942.75, 3], [176942.75, 4], [176942.75, 5]]
[[47868.75, 0], [47868.75, 1], [47868.75, 2], [47868.75, 3], [47868.75, 4], [47868.75, 5], [47868.75, 6]]
[[118680.25, 0]]
[[18561.75, 0], [18561.75, 1]]
[[64275.75, 0], [64275.75, 1], [64275.75, 2]]
[[21603.25, 0], [21603.25, 1], [21603.25, 2]]
[[84316.5, 0], [84316.5, 1], [84316.5, 2], [84316.5, 3]]
[[21467.5, 0], [21467.5, 1], [21467.5, 2], [21467.5, 3]]
[[133981.0, 0], [133981.0, 1], [133981.0, 2], [133981.0, 3], [133981.0, 4], [133981.0, 5]]
[[24049.5, 0], [24049.5, 1], [24049.5, 2], [24049.5, 3]]
[[124986.75, 0], [124986.75, 1], [124986.75, 2], [124986.75, 3]]
[[1408.5, 0]]
[[115260.25, 0]]
[[29580.5, 0], [29580.5, 1], [29580.5, 2], [29580.5, 3], [29580.5, 4]]
[[83579.25, 0], [83579.25, 1], [83579.25, 2], [83579.25, 3], [83579.25, 4]]
[]
[[42596.25, 0], [42596.25, 1]]
[[5032.0, 0]]
[[57001.5, 0], [57001.5, 1]]
[[21755.5, 0], [21755.5, 1], [21755.5, 2], [21755.5, 3]]
[[283851.75, 0], [283851.75, 1], [283851.75, 2], [283851.75, 3], [283851.75, 4], [283851.75, 5]]
[[26444.5, 0], [26444.5, 1], [26444.5, 2], [26444.5, 3], [26444.5, 4]]
[[191926.25, 0], [191926.25, 1], [191926.25, 2], [191926.25, 3], [191926.25, 4], [191926.25, 5], [191926.25, 6]]
[[19852.25, 0], [19852.25, 1], [19852.25, 2], [19852.25, 3], [19852.25, 4]]
[[83521.0, 0]]
[[8268.5, 0], [8268.5, 1]]
[[128366.75, 0], [128366.75, 1], [128366.75, 2], [128366.75, 3], [128366.75, 4]]
[[7477.5, 0]]
[[60068.25, 0], [60068.25, 1], [60068.25, 2], [60068.25, 3]]
[]
[[193221.0, 0], [193221.0, 1], [193221.0, 2], [193221.0, 3], [193221.0, 4]]
[[29759.5, 0], [29759.5, 1], [29759.5, 2], [29759.5, 3], [29759.5, 4]]
[[63157.0, 0], [63157.0, 1], [63157.0, 2]]
[[15630.5, 0], [15630.5, 1], [15630.5, 2]]
[[55113.75, 0], [55113.75, 1]]
[[8672.0, 0], [8672.0, 1]]
[[41820.25, 0]]
[[4242.5, 0], [4242.5, 1]]
[[67600.0, 0]]
[[40054.0, 0], [40054.0, 1], [40054.0, 2], [40054.0, 3], [40054.0, 4], [40054.0, 5]]
[[45582.25, 0]]
[[11699.25, 0], [11699.25, 1], [11699.25, 2], [11699.25, 3], [11699.25, 4]]
[[99328.25, 0], [99328.25, 1], [99328.25, 2]]
[[15645.25, 0], [15645.25, 1], [15645.25, 2]]
[[94627.75, 0], [94627.75, 1], [94627.75, 2], [94627.75, 3]]
[[18364.25, 0], [18364.25, 1]]
[[96021.25, 0], [96021.25, 1], [96021.25, 2], [96021.25, 3], [96021.25, 4]]
[[15027.25, 0], [15027.25, 1]]
[[109594.0, 0], [109594.0, 1], [109594.0, 2]]
[[13911.0, 0], [13911.0, 1]]
[[73073.0, 0], [73073.0, 1], [73073.0, 2], [73073.0, 3], [73073.0, 4]]
[[27268.25, 0], [27268.25, 1], [27268.25, 2], [27268.25, 3], [27268.25, 4]]
[[75685.25, 0], [75685.25, 1], [75685.25, 2], [75685.25, 3]]
[[16506.75, 0], [16506.75, 1], [16506.75, 2]]
[[68903.0, 0], [68903.0, 1], [68903.0, 2]]
[]
[[87258.25, 0], [87258.25, 1], [87258.25, 2], [87258.25, 3]]
[[25140.0, 0], [25140.0, 1]]
[[92605.75, 0], [92605.75, 1], [92605.75, 2], [92605.75, 3], [92605.75, 4], [92605.75, 5]]
[[26963.5, 0], [26963.5, 1], [26963.5, 2]]
[[122197.5, 0], [122197.5, 1], [122197.5, 2], [122197.5, 3]]
[[21112.75, 0], [21112.75, 1], [21112.75, 2], [21112.75, 3]]
[[60216.0, 0], [60216.0, 1], [60216.0, 2]]
[[9056.0, 0], [9056.0, 1], [9056.0, 2]]
[[139846.0, 0], [139846.0, 1], [139846.0, 2], [139846.0, 3], [139846.0, 4], [139846.0, 5]]
[[18086.75, 0], [18086.75, 1], [18086.75, 2], [18086.75, 3], [18086.75, 4], [18086.75, 5]]
[[186808.5, 0], [186808.5, 1], [186808.5, 2], [186808.5, 3], [186808.5, 4], [186808.5, 5]]
[[6505.75, 0], [6505.75, 1]]
[[104719.0, 0], [104719.0, 1]]
[[9868.0, 0], [9868.0, 1]]
[[118325.5, 0], [118325.5, 1], [118325.5, 2], [118325.5, 3], [118325.5, 4]]
[[4983.0, 0]]
[[76929.0, 0], [76929.0, 1], [76929.0, 2], [76929.0, 3]]
[[722.5, 0]]
[[157168.75, 0], [157168.75, 1], [157168.75, 2], [157168.75, 3]]
[[5278.0, 0], [5278.0, 1]]
[[80905.25, 0], [80905.25, 1], [80905.25, 2], [80905.25, 3], [80905.25, 4]]
[[3732.75, 0]]
[[49952.25, 0]]
[[20668.25, 0], [20668.25, 1], [20668.25, 2], [20668.25, 3]]
[[108932.75, 0], [108932.75, 1], [108932.75, 2], [108932.75, 3]]
[[14607.0, 0], [14607.0, 1]]
[[29756.25, 0]]
[[29303.75, 0], [29303.75, 1], [29303.75, 2], [29303.75, 3], [29303.75, 4]]
[[88908.0, 0], [88908.0, 1]]
[[49253.5, 0], [49253.5, 1], [49253.5, 2], [49253.5, 3], [49253.5, 4], [49253.5, 5], [49253.5, 6], [49253.5, 7]]
[[112323.5, 0], [112323.5, 1], [112323.5, 2], [112323.5, 3], [112323.5, 4]]
[[6710.75, 0], [6710.75, 1], [6710.75, 2]]
[[113123.0, 0], [113123.0, 1], [113123.0, 2], [113123.0, 3], [113123.0, 4], [113123.0, 5]]
[[21590.0, 0], [21590.0, 1], [21590.0, 2], [21590.0, 3]]
[[175250.75, 0], [175250.75, 1], [175250.75, 2], [175250.75, 3], [175250.75, 4], [175250.75, 5]]
[[5320.0, 0]]
[[139572.5, 0], [139572.5, 1], [139572.5, 2], [139572.5, 3], [139572.5, 4], [139572.5, 5], [139572.5, 6]]
[[3256.5, 0]]
[[83232.25, 0]]
[[23276.75, 0], [23276.75, 1], [23276.75, 2], [23276.75, 3]]
[[92676.75, 0], [92676.75, 1], [92676.75, 2], [92676.75, 3], [92676.75, 4], [92676.75, 5]]
[[11624.25, 0], [11624.25, 1], [11624.25, 2]]
[[212172.0, 0], [212172.0, 1], [212172.0, 2], [212172.0, 3], [212172.0, 4], [212172.0, 5]]
[]
[[91483.5, 0], [91483.5, 1], [91483.5, 2], [91483.5, 3]]
[[1187.75, 0], [1187.75, 1]]
[[128490.75, 0], [128490.75, 1], [128490.75, 2], [128490.75, 3], [128490.75, 4]]
[[35237.25, 0], [35237.25, 1], [35237.25, 2], [35237.25, 3]]
[[75881.0, 0], [75881.0, 1], [75881.0, 2], [75881.0, 3], [75881.0, 4]]
[[25139.25, 0], [25139.25, 1], [25139.25, 2], [25139.25, 3], [25139.25, 4]]
[[75094.5, 0], [75094.5, 1], [75094.5, 2], [75094.5, 3], [75094.5, 4]]
[[12875.0, 0], [12875.0, 1], [12875.0, 2]]
[[66302.25, 0], [66302.25, 1]]
[[4907.0, 0]]
[[69960.25, 0]]
[[25631.25, 0], [25631.25, 1], [25631.25, 2], [25631.25, 3], [25631.25, 4]]
[[73675.0, 0], [73675.0, 1], [73675.0, 2]]
[[22489.25, 0], [22489.25, 1], [22489.25, 2]]
[[134557.0, 0], [134557.0, 1], [134557.0, 2]]
[[27072.75, 0], [27072.75, 1], [27072.75, 2], [27072.75, 3], [27072.75, 4]]
[[45969.0, 0], [45969.0, 1], [45969.0, 2]]
[[19570.25, 0], [19570.25, 1], [19570.25, 2], [19570.25, 3]]
[[117629.25, 0], [117629.25, 1], [117629.25, 2], [117629.25, 3], [117629.25, 4], [117629.25, 5], [117629.25, 6], [117629.25, 7]]
[[4522.0, 0]]
[[127746.25, 0], [127746.25, 1], [127746.25, 2], [127746.25, 3], [127746.25, 4], [127746.25, 5]]
[[15695.0, 0], [15695.0, 1]]
[[132181.75, 0], [132181.75, 1], [132181.75, 2]]
[[10781.25, 0], [10781.25, 1], [10781.25, 2], [10781.25, 3]]
[[62134.25, 0], [62134.25, 1]]
[]
[[147001.5, 0], [147001.5, 1], [147001.5, 2]]
[[12376.25, 0], [12376.25, 1]]
[[97071.75, 0], [97071.75, 1], [97071.75, 2], [97071.75, 3], [97071.75, 4], [97071.75, 5]]
[[2440.0, 0]]
[[53200.25, 0], [53200.25, 1]]
[[23592.5, 0], [23592.5, 1], [23592.5, 2], [23592.5, 3], [23592.5, 4], [23592.5, 5], [23592.5, 6]]
[[131895.75, 0], [131895.75, 1], [131895.75, 2], [131895.75, 3], [131895.75, 4]]
[[9772.0, 0], [9772.0, 1], [9772.0, 2]]
[[50176.0, 0]]
[[10860.25, 0], [10860.25, 1]]
[[76945.75, 0], [76945.75, 1], [76945.75, 2], [76945.75, 3], [76945.75, 4]]
[[14543.75, 0], [14543.75, 1], [14543.75, 2]]
[[100349.0, 0], [100349.0, 1], [100349.0, 2], [100349.0, 3], [100349.0, 4], [100349.0, 5], [100349.0, 6], [100349.0, 7]]
[[33425.0, 0], [33425.0, 1], [33425.0, 2], [33425.0, 3], [33425.0, 4]]
[[147841.0, 0], [147841.0, 1], [147841.0, 2], [147841.0, 3], [147841.0, 4]]
[[19047.5, 0], [19047.5, 1], [19047.5, 2]]
[[102243.5, 0], [102243.5, 1]]
[[1546.0, 0]]
[[155178.5, 0], [155178.5, 1], [155178.5, 2], [155178.5, 3], [155178.5, 4], [155178.5, 5]]
[[6590.0, 0]]
[[125907.5, 0], [125907.5, 1], [125907.5, 2], [125907.5, 3], [125907.5, 4]]
[[6373.25, 0]]
[[97592.0, 0], [97592.0, 1], [97592.0, 2]]
[[10236.25, 0], [10236.25, 1]]
[[76849.75, 0], [76849.75, 1], [76849.75, 2], [76849.75, 3], [76849.75, 4], [76849.75, 5], [76849.75, 6], [76849.75, 7], [76849.75, 8]]
[[12451.5, 0], [12451.5, 1], [12451.5, 2]]
[[65889.0, 0], [65889.0, 1]]
[[13575.0, 0], [13575.0, 1], [13575.0, 2]]
[[61829.0, 0], [61829.0, 1]]
[[16272.5, 0], [16272.5, 1], [16272.5, 2], [16272.5, 3]]
[[127794.25, 0], [127794.25, 1], [127794.25, 2], [127794.25, 3]]
[[32140.5, 0], [32140.5, 1], [32140.5, 2], [32140.5, 3]]
[[90540.0, 0], [90540.0, 1], [90540.0, 2]]
[[8440.0, 0], [8440.0, 1], [8440.0, 2]]
[[62391.0, 0], [62391.0, 1]]
[[11992.25, 0], [11992.25, 1]]
[[118456.75, 0], [118456.75, 1], [118456.75, 2], [118456.75, 3]]
[[9514.75, 0], [9514.75, 1], [9514.75, 2]]
[[102783.5, 0], [102783.5, 1]]
[[2331.0, 0]]
[[73712.25, 0]]
[[13557.5, 0], [13557.5, 1], [13557.5, 2]]
[[87232.75, 0], [87232.75, 1], [87232.75, 2], [87232.75, 3]]
[[627.75, 0]]
[[185031.5, 0], [185031.5, 1], [185031.5, 2], [185031.5, 3]]
[[19593.25, 0], [19593.25, 1], [19593.25, 2]]
[[61256.25, 0]]
[]
[[109993.75, 0], [109993.75, 1], [109993.75, 2], [109993.75, 3], [109993.75, 4]]
[[10090.0, 0], [10090.0, 1]]
[[239042.5, 0], [239042.5, 1], [239042.5, 2], [239042.5, 3]]
[[2125.75, 0]]
[[66103.0, 0], [66103.0, 1], [66103.0, 2], [66103.0, 3], [66103.0, 4], [66103.0, 5]]
[[1052.5, 0]]
[[129250.25, 0], [129250.25, 1], [129250.25, 2], [129250.25, 3], [129250.25, 4], [129250.25, 5], [129250.25, 6]]
[[3677.5, 0], [3677.5, 1]]
[[148922.25, 0], [148922.25, 1], [148922.25, 2], [148922.25, 3], [148922.25, 4]]
[[11673.75, 0], [11673.75, 1], [11673.75, 2], [11673.75, 3]]
[[51264.5, 0], [51264.5, 1]]
[[7141.5, 0]]
[[77938.75, 0], [77938.75, 1], [77938.75, 2]]
[[30738.75, 0], [30738.75, 1], [30738.75, 2], [30738.75, 3], [30738.75, 4], [30738.75, 5], [30738.75, 6], [30738.75, 7]]
[[90038.25, 0], [90038.25, 1], [90038.25, 2], [90038.25, 3], [90038.25, 4]]
[[11644.0, 0]]
[[70622.0, 0], [70622.0, 1], [70622.0, 2], [70622.0, 3]]
[[20791.0, 0], [20791.0, 1], [20791.0, 2], [20791.0, 3]]
[[68429.0, 0], [68429.0, 1], [68429.0, 2]]
[[8258.0, 0], [8258.0, 1]]
[[78694.0, 0], [78694.0, 1], [78694.0, 2], [78694.0, 3]]
[[12051.0, 0], [12051.0, 1]]
[[116810.25, 0], [116810.25, 1], [116810.25, 2]]
[[9881.75, 0]]
[[71675.25, 0], [71675.25, 1], [71675.25, 2], [71675.25, 3]]
[]
[[51871.25, 0], [51871.25, 1], [51871.25, 2]]
[[21537.25, 0], [21537.25, 1], [21537.25, 2], [21537.25, 3]]
[[91624.25, 0], [91624.25, 1], [91624.25, 2]]
[[7826.75, 0], [7826.75, 1]]
[[72296.0, 0], [72296.0, 1]]
[[33066.0, 0], [33066.0, 1], [33066.0, 2], [33066.0, 3], [33066.0, 4]]
[[130771.75, 0], [130771.75, 1], [130771.75, 2], [130771.75, 3], [130771.75, 4]]
[]
[[129310.75, 0], [129310.75, 1], [129310.75, 2], [129310.75, 3], [129310.75, 4]]
[[1275.0, 0]]
[[82477.0, 0], [82477.0, 1], [82477.0, 2]]
[[29956.0, 0], [29956.0, 1], [29956.0, 2], [29956.0, 3], [29956.0, 4], [29956.0, 5], [29956.0, 6]]
[[64240.5, 0], [64240.5, 1]]
[[7186.5, 0], [7186.5, 1]]
[[94955.25, 0], [94955.25, 1], [94955.25, 2], [94955.25, 3]]
[[20295.0, 0], [20295.0, 1], [20295.0, 2], [20295.0, 3], [20295.0, 4]]
[[38980.75, 0], [38980.75, 1]]
[[9401.25, 0], [9401.25, 1], [9401.25, 2]]
[[100353.25, 0], [100353.25, 1], [100353.25, 2], [100353.25, 3], [100353.25, 4], [100353.25, 5]]
[[12480.5, 0], [12480.5, 1]]
[[34596.0, 0]]
[[8855.25, 0], [8855.25, 1], [8855.25, 2]]
[[83443.25, 0], [83443.25, 1]]
[[24232.5, 0], [24232.5, 1], [24232.5, 2], [24232.5, 3], [24232.5, 4]]
[[66306.25, 0]]
[[24721.5, 0], [24721.5, 1], [24721.5, 2], [24721.5, 3]]
[[82897.75, 0], [82897.75, 1], [82897.75, 2], [82897.75, 3]]
[[4657.0, 0], [4657.0, 1]]
[[58548.25, 0], [58548.25, 1], [58548.25, 2], [58548.25, 3], [58548.25, 4]]
[[13639.25, 0], [13639.25, 1]]
[[79242.25, 0]]
[[3707.25, 0], [3707.25, 1]]
[[106131.5, 0], [106131.5, 1], [106131.5, 2], [106131.5, 3], [106131.5, 4]]
[]
[[32999.0, 0], [32999.0, 1]]
[[10856.0, 0]]
[[91323.75, 0], [91323.75, 1], [91323.75, 2]]
[[20445.5, 0], [20445.5, 1], [20445.5, 2], [20445.5, 3]]
[[134410.25, 0], [134410.25, 1], [134410.25, 2], [134410.25, 3]]
[[14580.75, 0], [14580.75, 1], [14580.75, 2]]
[[147143.5, 0], [147143.5, 1], [147143.5, 2], [147143.5, 3], [147143.5, 4]]
[[23466.0, 0], [23466.0, 1], [23466.0, 2], [23466.0, 3], [23466.0, 4], [23466.0, 5]]
[[179968.0, 0], [179968.0, 1], [179968.0, 2], [179968.0, 3], [179968.0, 4], [179968.0, 5], [179968.0, 6]]
[[9992.5, 0], [9992.5, 1], [9992.5, 2]]
[[45156.25, 0]]
[[7591.25, 0], [7591.25, 1]]
[[177739.75, 0], [177739.75, 1]]
[[14745.5, 0], [14745.5, 1], [14745.5, 2], [14745.5, 3]]
[[23340.25, 0], [23340.25, 1]]
[]
[[34532.25, 0], [34532.25, 1]]
[[15179.25, 0], [15179.25, 1], [15179.25, 2], [15179.25, 3], [15179.25, 4], [15179.25, 5], [15179.25, 6], [15179.25, 7]]
[[87388.0, 0], [87388.0, 1], [87388.0, 2]]
[[6267.25, 0], [6267.25, 1]]
[[96775.0, 0], [96775.0, 1], [96775.0, 2], [96775.0, 3], [96775.0, 4]]
[[18525.0, 0], [18525.0, 1], [18525.0, 2]]
[[28730.25, 0]]
[[10216.5, 0]]
[[123653.5, 0], [123653.5, 1], [123653.5, 2], [123653.5, 3], [123653.5, 4], [123653.5, 5]]
[[25168.0, 0], [25168.0, 1], [25168.0, 2]]
[[92276.0, 0], [92276.0, 1], [92276.0, 2], [92276.0, 3]]
[[553.5, 0]]
[[89991.75, 0], [89991.75, 1], [89991.75, 2]]
[[7860.0, 0]]
[[103092.5, 0], [103092.5, 1], [103092.5, 2]]
[[8347.5, 0]]
[[156316.75, 0], [156316.75, 1], [156316.75, 2], [156316.75, 3], [156316.75, 4], [156316.75, 5], [156316.75, 6]]
[[16779.25, 0], [16779.25, 1], [16779.25, 2]]
[[62250.25, 0]]
[[8245.25, 0]]
[[97715.75, 0], [97715.75, 1], [97715.75, 2], [97715.75, 3], [97715.75, 4]]
[[25936.0, 0], [25936.0, 1], [25936.0, 2], [25936.0, 3], [25936.0, 4], [25936.0, 5]]
[[76057.75, 0], [76057.75, 1], [76057.75, 2]]
[[8608.0, 0], [8608.0, 1], [8608.0, 2], [8608.0, 3]]
[[69265.0, 0], [69265.0, 1], [69265.0, 2], [69265.0, 3], [69265.0, 4]]
[[378.0, 0]]
[[82111.25, 0], [82111.25, 1], [82111.25, 2], [82111.25, 3], [82111.25, 4]]
[[6023.25, 0], [6023.25, 1]]
[[113398.0, 0], [113398.0, 1], [113398.0, 2], [113398.0, 3], [113398.0, 4], [113398.0, 5]]
[]
[[117723.75, 0], [117723.75, 1], [117723.75, 2], [117723.75, 3]]
[[8475.75, 0], [8475.75, 1]]
[[67340.25, 0]]
[[8137.5, 0], [8137.5, 1]]
[[101134.5, 0], [101134.5, 1], [101134.5, 2], [101134.5, 3], [101134.5, 4], [101134.5, 5], [101134.5, 6]]
[[7860.0, 0]]
[[90000.0, 0]]
[[3927.0, 0]]
[[39536.5, 0], [39536.5, 1], [39536.5, 2]]
[[815.5, 0], [815.5, 1]]
[[76320.0, 0], [76320.0, 1], [76320.0, 2], [76320.0, 3]]
[[3508.0, 0], [3508.0, 1]]
[[85933.5, 0], [85933.5, 1], [85933.5, 2], [85933.5, 3], [85933.5, 4]]
[[5024.5, 0]]
[[58784.5, 0], [58784.5, 1], [58784.5, 2], [58784.5, 3]]
[[19504.75, 0], [19504.75, 1], [19504.75, 2], [19504.75, 3]]
[[27981.0, 0], [27981.0, 1]]
[[8196.0, 0]]
[[11287.5, 0]]
