[[1030.5, 0]]
[]
[[1151.0, 2]]
[[13.5, 0], [12.0, 2]]
[[12.5, 0], [855.0, 4], [2.0, 2]]
[[27.0, 2], [10.5, 4]]
[[1166.0, 6], [7.5, 4]]
[[21.0, 2], [19.0, 6], [10.5, 0], [23.5, 4]]
[[44.0, 6], [1268.0, 8], [37.0, 4]]
[[14.5, 0], [44.5, 2]]
[[13.0, 4], [18.0, 8], [1148.0, 10], [12.5, 0]]
[[9.0, 4], [42.0, 0], [5.5, 6]]
[[67.0, 6], [73.0, 8], [1272.5, 12], [15.5, 0]]
[[30.5, 4], [7.0, 12]]
[[43.5, 4], [21.5, 8], [18.0, 10], [974.5, 14], [25.5, 6], [8.5, 12]]
[[12.0, 0], [23.0, 8], [15.0, 14], [13.0, 6]]
[[45.0, 2], [27.0, 10], [992.5, 16], [21.0, 6], [12.0, 14]]
[[25.0, 10], [23.0, 12], [17.0, 14], [20.5, 0], [17.5, 4], [20.0, 8], [13.5, 16]]
[[10.5, 0], [967.0, 18], [11.0, 12]]
[[7.0, 6], [24.5, 10], [2.5, 16], [16.0, 18]]
[[13.5, 2], [15.0, 10], [10.0, 14], [6.5, 18], [978.5, 20]]
[[7.0, 4], [23.5, 8], [17.0, 12], [4.5, 14]]
[[40.5, 2], [14.0, 20], [1043.5, 22]]
[[8.0, 4], [24.5, 6], [16.5, 8], [22.0, 16], [44.0, 18], [14.5, 22]]
[[7.0, 0], [19.0, 12], [8.5, 16], [16.5, 18], [1154.0, 24], [6.0, 22]]
[[20.0, 2], [13.0, 4], [15.0, 10], [24.0, 20], [9.0, 22]]
[[20.5, 0], [14.5, 2], [10.5, 16], [45.0, 20], [40.5, 24], [1090.5, 26], [16.5, 4], [4.0, 12], [4.5, 22]]
[[25.0, 6], [8.5, 16], [24.5, 22], [24.0, 26]]
[[23.5, 6], [914.5, 28], [18.0, 0], [13.0, 12], [13.5, 18]]
[[3.5, 12], [24.5, 18], [6.5, 22]]
[[7.5, 0], [48.5, 10], [22.0, 14], [823.0, 30], [22.5, 6], [3.5, 16], [7.0, 18], [13.5, 26]]
[[37.0, 20], [15.5, 22], [15.0, 24], [18.0, 26]]
[[16.0, 12], [996.5, 32], [20.0, 2], [17.0, 4], [8.0, 18]]
[[15.5, 26]]
[[7.0, 2], [12.5, 18], [18.5, 32], [1022.5, 34], [22.0, 22], [24.5, 30]]
[[3.5, 28], [6.5, 6], [6.0, 8], [12.0, 14], [34.5, 16], [12.0, 32]]
[[10.0, 2], [23.5, 4], [25.0, 20], [4.0, 22], [9.0, 26], [18.5, 34], [1073.0, 36], [20.5, 8], [3.0, 10], [2.5, 28]]
[[16.0, 4], [19.0, 8], [24.0, 12], [21.0, 20], [50.5, 24], [22.0, 32], [15.5, 0], [25.5, 18], [10.5, 28]]
[[21.5, 10], [978.5, 38]]
[[18.5, 22], [17.5, 36], [5.0, 0], [13.5, 8], [5.0, 24]]
[[4.0, 18], [13.5, 24], [17.0, 32], [1234.0, 40], [21.0, 6], [15.5, 10], [12.0, 34], [16.0, 36]]
[[20.0, 2], [24.0, 4], [18.5, 6], [11.5, 30], [24.5, 32], [23.5, 40]]
[[23.5, 8], [15.0, 22], [20.0, 26], [17.0, 28], [22.0, 30], [16.0, 38], [14.5, 40], [925.0, 42], [17.0, 16], [17.0, 18], [22.0, 34]]
[[13.0, 36], [21.0, 40], [18.0, 12], [1.5, 14], [22.5, 30], [13.5, 38]]
[[946.0, 44], [22.5, 6], [12.0, 8]]
[[25.5, 20], [25.5, 32], [7.5, 22], [14.0, 28], [19.5, 42]]
[[11.5, 2], [6.0, 8], [13.0, 20], [24.0, 40], [874.5, 46], [2.0, 14], [24.0, 16], [25.0, 26], [16.5, 34], [25.5, 36]]
[[19.5, 14], [4.0, 6]]
[[12.0, 16], [19.5, 18], [23.0, 28], [11.5, 32], [10.5, 38], [923.5, 48], [12.0, 6], [10.0, 34]]
[[16.0, 2], [17.5, 6], [16.0, 8], [1.5, 28], [13.0, 38]]
[[24.5, 32], [815.0, 50], [18.0, 6]]
[[17.5, 10], [23.5, 22], [9.0, 24], [13.5, 34], [12.0, 2]]
[[9.5, 36], [914.5, 52], [17.5, 2], [2.0, 12], [8.0, 50]]
[[5.5, 16], [21.0, 50], [19.5, 4], [3.0, 14], [14.0, 44]]
[[3.5, 18], [17.0, 20], [988.5, 54], [8.0, 8], [23.5, 36]]
[[24.0, 6], [16.0, 46], [12.5, 50], [8.5, 8], [20.5, 48], [2.5, 52]]
[[22.0, 16], [11.0, 38], [43.5, 40], [16.0, 48], [880.5, 56], [21.5, 18], [20.5, 50], [11.0, 54]]
[[17.5, 2], [3.5, 10], [50.5, 12], [2.0, 14]]
[[6.0, 24], [784.0, 58], [21.0, 0], [4.0, 2], [22.5, 28]]
[[7.0, 32], [11.5, 38], [14.0, 30], [15.0, 40], [24.5, 54]]
[[10.5, 16], [2.5, 18], [777.0, 60]]
[[4.0, 0], [15.5, 14], [6.5, 22], [55.5, 46], [19.5, 50], [18.5, 56]]
[[23.0, 34], [1087.5, 62], [14.5, 16], [23.0, 22], [14.5, 36], [13.5, 44], [18.0, 48]]
[[20.5, 0], [6.0, 20], [24.5, 22], [50.5, 26], [5.0, 42], [25.0, 44], [35.0, 46], [25.5, 30], [23.0, 32]]
[[15.0, 2], [3.5, 4], [877.0, 64]]
[[2.5, 0], [1.5, 4], [22.0, 14], [1.5, 24], [25.0, 40]]
[[22.0, 34], [20.0, 38], [868.0, 66], [3.5, 26], [20.0, 40], [4.0, 54]]
[[32.0, 0], [13.5, 24], [21.5, 32], [18.5, 12], [21.5, 22], [12.5, 28], [9.5, 62]]
[[13.5, 14], [876.0, 68], [21.5, 40], [16.5, 64]]
[[43.0, 6], [17.0, 12], [19.0, 18], [4.5, 26], [1.5, 30], [23.0, 52], [5.5, 62], [3.0, 10], [25.5, 20], [2.0, 64]]
[[25.5, 24], [3.5, 34], [717.0, 70]]
[[18.0, 0], [1.5, 50], [17.5, 62], [40.5, 64], [3.5, 8], [5.5, 18], [22.5, 22], [10.0, 26], [16.5, 58]]
[[20.5, 8], [20.0, 28], [18.0, 60], [3.0, 62], [917.0, 72], [22.0, 52]]
[[1.0, 2], [13.0, 20], [23.5, 22], [3.5, 36]]
[[14.0, 38], [770.0, 74], [14.0, 4], [6.5, 36], [11.5, 72]]
[[25.0, 2], [17.5, 8], [22.0, 38], [9.0, 44], [21.5, 74], [2.0, 26], [1.0, 30], [9.0, 46], [20.0, 66]]
[[19.0, 4], [8.5, 12], [3.5, 22], [624.0, 76], [21.5, 60], [8.0, 68]]
[[25.0, 14], [9.0, 24], [38.0, 38], [22.5, 68], [6.5, 72], [14.5, 32], [2.0, 58]]
[[24.5, 60], [921.0, 78], [22.0, 12], [3.0, 46]]
[[17.0, 14], [10.0, 16], [4.0, 22], [14.0, 50], [18.0, 12], [2.5, 20], [13.5, 52], [4.5, 78]]
[[2.0, 4], [24.0, 24], [822.5, 80], [24.5, 36], [10.5, 58]]
[[14.5, 6], [3.5, 48], [33.5, 60], [13.0, 68], [24.0, 12], [17.5, 18], [6.5, 22], [8.0, 24], [11.5, 64], [15.0, 72]]
[[21.5, 38], [33.0, 40], [855.0, 82], [2.0, 22], [20.0, 34], [7.0, 72]]
[[19.0, 18], [5.0, 66], [23.0, 72], [14.0, 80], [5.5, 60]]
[[34.0, 26], [20.0, 60], [2.0, 66], [741.0, 84], [6.5, 12], [10.5, 34]]
[[2.0, 38], [22.0, 68], [8.5, 62]]
[[14.5, 48], [634.5, 86], [20.5, 72], [2.0, 74]]
[[13.0, 2], [43.5, 26], [13.0, 28], [18.0, 42], [19.0, 56], [22.5, 72], [17.5, 76]]
[[9.5, 30], [7.5, 38], [782.5, 88], [7.0, 20], [21.5, 24], [6.5, 70]]
[[5.0, 18], [18.5, 32], [23.5, 70]]
[[680.0, 90], [19.0, 0], [23.0, 44]]
[[25.0, 16], [18.5, 28], [6.5, 74], [1.0, 86]]
[[4.5, 28], [16.5, 88], [732.0, 92], [17.5, 10]]
[[8.0, 12], [21.0, 20], [7.5, 70]]
[[2.0, 18], [9.5, 38], [13.0, 62], [12.0, 76], [21.0, 82], [22.5, 86], [923.0, 94], [21.0, 14]]
[[2.5, 12], [21.5, 64], [22.5, 86], [13.5, 94], [11.5, 84]]
[[605.5, 96], [23.0, 44]]
[[9.0, 50], [7.5, 62], [6.0, 94]]
[[6.5, 2], [10.0, 28], [21.0, 30], [29.0, 56], [22.0, 62], [10.5, 80], [15.5, 92], [958.5, 98], [3.0, 68], [12.5, 72], [12.0, 88]]
[[15.0, 12], [18.0, 20], [10.5, 38], [22.0, 56], [18.0, 74]]
[[8.0, 18], [19.0, 28], [13.5, 36], [912.0, 100], [30.0, 10], [4.0, 14], [10.0, 22], [24.5, 40]]
[[2.0, 4], [21.5, 32], [15.5, 92], [11.0, 96], [14.5, 98]]
[[13.5, 12], [6.0, 40], [22.5, 56], [15.5, 68], [7.0, 78], [715.5, 102], [17.5, 64], [4.0, 74]]
[]
[[15.5, 16], [10.0, 20], [4.5, 82], [18.5, 92], [981.5, 104], [1.5, 4]]
[[18.0, 14], [25.5, 86], [22.0, 88], [7.5, 32], [37.5, 40]]
[[24.0, 0], [27.0, 52], [25.0, 54], [3.0, 80], [884.0, 106], [9.0, 38], [7.5, 104]]
[[21.0, 48], [20.0, 62], [13.5, 84], [9.0, 68], [13.5, 74]]
[[17.5, 64], [13.5, 74], [14.0, 90], [832.0, 108], [18.5, 94], [10.5, 104]]
[[7.5, 12], [3.5, 24], [5.0, 36], [12.0, 54], [13.0, 62], [16.5, 84], [11.5, 86], [14.0, 30], [15.0, 44]]
[[2.0, 30], [25.0, 32], [24.5, 90], [767.5, 110], [25.5, 8], [11.0, 44], [5.5, 52], [3.5, 78], [4.5, 80], [15.0, 88]]
[[2.0, 20], [19.0, 38], [23.0, 44], [25.0, 100], [24.5, 28], [1.5, 96]]
[[19.5, 40], [791.5, 112], [6.5, 24], [17.5, 48], [5.5, 88], [2.0, 102]]
[[18.0, 38], [15.5, 42], [20.5, 52], [16.5, 76]]
[[24.0, 46], [13.5, 62], [954.5, 114], [19.5, 0], [10.0, 30], [39.5, 66], [22.0, 88], [33.5, 104], [10.5, 112]]
[[16.0, 40], [16.0, 54], [8.5, 66], [1.5, 80], [7.5, 92], [10.5, 102], [20.0, 106], [24.5, 108], [3.5, 114], [25.0, 46], [24.0, 90]]
[[21.5, 20], [8.5, 28], [4.0, 36], [20.5, 44], [6.5, 58], [20.0, 66], [904.0, 116]]
[[4.0, 8], [24.0, 94], [1.5, 108], [19.0, 2]]
[[606.0, 118], [20.0, 14], [4.5, 86], [18.5, 88], [10.0, 116]]
[[18.0, 30], [20.0, 38], [10.5, 52], [5.0, 86]]
[[20.0, 28], [9.5, 34], [18.5, 42], [11.0, 68], [17.0, 74], [11.5, 94], [689.0, 120]]
[[9.0, 52], [21.5, 58], [21.5, 28]]
[[674.0, 122], [23.0, 12], [9.0, 48], [16.5, 114]]
[[25.0, 6], [8.5, 28], [3.0, 102], [4.5, 114], [5.5, 2], [16.5, 34], [10.5, 42], [21.0, 66], [15.5, 84]]
[[18.5, 38], [16.5, 78], [758.5, 124], [17.0, 14], [25.0, 40], [17.0, 48], [12.5, 52], [21.5, 114]]
[[11.5, 56]]
[[7.0, 12], [16.5, 14], [16.0, 50], [802.5, 126], [19.0, 8], [23.0, 34], [8.0, 60], [4.5, 88], [11.0, 114]]
[[5.5, 26], [19.5, 72], [9.5, 56], [8.5, 102]]
[[5.0, 38], [5.0, 102], [717.5, 128], [15.0, 46], [2.5, 50], [21.5, 56], [2.0, 58], [2.0, 70], [22.5, 104]]
[[19.5, 60], [9.0, 114], [19.0, 64]]
[[533.0, 130], [7.0, 60], [17.0, 114]]
[[9.0, 36], [18.5, 48], [19.0, 54], [20.0, 108], [1.5, 4], [22.5, 16]]
[[24.5, 14], [24.5, 60], [4.0, 122], [908.0, 132], [8.0, 44], [7.5, 98], [9.5, 106]]
[[6.5, 74], [12.0, 10], [4.5, 106]]
[[12.5, 36], [5.5, 76], [24.5, 96], [3.5, 116], [750.5, 134], [22.5, 48]]
[[5.0, 122], [2.5, 46], [22.5, 56], [5.0, 132]]
[[24.5, 0], [20.0, 92], [691.0, 136]]
[[15.5, 70], [13.0, 102], [9.5, 124], [4.5, 0]]
[[8.0, 10], [12.0, 60], [20.5, 100], [814.0, 138], [9.0, 86]]
[[18.5, 30], [24.0, 42], [22.0, 56], [21.0, 64], [1.0, 68], [8.5, 90], [9.5, 102], [17.5, 134], [17.0, 22], [20.5, 34], [5.0, 78], [20.5, 106]]
[[11.0, 62], [5.5, 112], [575.0, 140], [10.0, 114], [10.5, 118]]
[[14.5, 56], [6.0, 102], [12.0, 104], [5.0, 40]]
[[9.0, 28], [786.0, 142], [19.0, 34], [6.5, 112]]
[[9.5, 44], [17.5, 46], [8.5, 68], [9.0, 122]]
[[19.0, 66], [11.0, 130], [861.5, 144], [15.0, 2], [13.5, 22], [2.5, 44], [7.5, 124], [5.0, 134], [7.0, 142]]
[[25.0, 18], [20.0, 48], [4.0, 54], [11.5, 72], [14.5, 114], [10.5, 118], [24.0, 26], [18.5, 66]]
[[25.0, 26], [4.5, 66], [1.0, 72], [8.0, 82], [10.5, 98], [11.5, 110], [709.5, 146], [20.5, 40]]
[[26.0, 40], [15.5, 62], [18.0, 108], [17.0, 38], [17.5, 70], [12.5, 90], [1.5, 112]]
[[1.5, 20], [28.0, 54], [18.0, 78], [18.0, 122], [3.5, 132], [845.0, 148], [12.5, 16], [15.5, 70], [18.0, 144]]
[[21.0, 42], [13.0, 106], [15.0, 84]]
[[13.5, 2], [4.0, 50], [20.0, 58], [23.5, 62], [5.0, 80], [37.0, 120], [13.5, 128], [4.5, 146], [736.0, 150], [8.0, 18], [10.0, 60], [6.0, 142]]
[[13.5, 4], [14.5, 106]]
[[4.5, 40], [16.0, 116], [13.5, 144], [823.0, 152], [25.5, 12], [1.5, 54], [8.0, 72], [12.0, 112]]
[[16.5, 2], [8.5, 44], [3.5, 132], [11.5, 120]]
[[17.5, 8], [688.5, 154], [14.5, 80], [16.0, 134], [18.0, 142]]
[[21.5, 8], [6.5, 42], [23.0, 44], [14.5, 48], [8.5, 122], [17.0, 52], [12.5, 66], [20.0, 102], [1.5, 132]]
[[17.5, 4], [23.0, 138], [25.5, 150], [786.0, 156], [23.0, 18], [15.0, 72]]
[[22.0, 8], [24.5, 140], [9.5, 28], [12.0, 54]]
[[710.5, 158]]
[[10.0, 132], [13.5, 36], [11.0, 112]]
[[20.5, 10], [6.5, 148], [629.5, 160], [2.5, 104], [21.5, 108]]
[[14.5, 116], [7.5, 144], [12.0, 40]]
[[24.0, 56], [13.0, 110], [22.0, 146], [698.0, 162], [7.0, 158]]
[[2.0, 0], [24.0, 54]]
[[7.5, 28], [10.0, 86], [12.5, 92], [13.5, 98], [15.5, 126], [579.5, 164]]
[[24.0, 52], [22.5, 68], [20.0, 10], [4.5, 22], [19.5, 58], [21.5, 94]]
[[8.0, 20], [25.0, 92], [734.5, 166], [9.5, 32], [21.5, 148]]
[[11.0, 4], [11.0, 58], [22.5, 106], [30.0, 108], [20.5, 118]]
[[20.0, 128], [856.0, 168], [14.0, 2], [16.5, 24], [1.5, 34], [19.0, 98], [14.0, 100], [16.5, 162]]
[[9.5, 12], [7.5, 46], [25.0, 60], [8.0, 124], [15.0, 54]]
[[547.5, 170], [22.0, 166]]
[[15.5, 0], [16.0, 70], [2.0, 94], [22.5, 132], [5.0, 144], [14.5, 150]]
[[8.0, 26], [25.0, 54], [19.5, 94], [14.5, 168], [587.5, 172], [22.0, 88]]
[[6.5, 62], [21.0, 68], [2.5, 158], [21.0, 28], [17.0, 146]]
[[19.5, 56], [1.5, 82], [20.5, 118], [8.5, 138], [728.0, 174], [5.0, 58], [15.5, 60], [3.5, 78], [24.5, 144]]
[[10.5, 52], [14.5, 24]]
[[11.0, 88], [7.5, 146], [15.0, 150], [685.0, 176], [21.5, 144]]
[[23.5, 116], [10.0, 176], [21.5, 36], [18.5, 94], [18.5, 152], [17.5, 156]]
[[16.5, 16], [629.5, 178], [19.5, 136], [24.0, 148], [4.5, 156]]
[[12.5, 62], [13.0, 100], [5.0, 114], [13.0, 60]]
[[11.5, 38], [16.5, 130], [8.0, 172], [738.5, 180], [6.0, 136], [25.5, 162]]
[[7.0, 20], [18.5, 118], [19.5, 178], [15.0, 170], [5.5, 180]]
[[5.0, 10], [11.0, 56], [24.0, 142], [18.5, 158], [4.0, 172], [688.5, 182], [43.5, 138], [6.0, 160]]
[[17.5, 56], [18.0, 82], [10.5, 116], [8.0, 8]]
[[13.5, 136], [671.5, 184]]
[[15.0, 44], [25.0, 66], [6.5, 74], [11.5, 174], [22.0, 6], [1.5, 20], [10.0, 60], [4.0, 72]]
[[753.0, 186], [25.5, 30], [13.0, 46]]
[[6.0, 182], [14.5, 34], [4.0, 74], [13.5, 88]]
[[20.0, 22], [18.5, 64], [18.5, 136], [21.5, 156], [739.0, 188], [18.0, 8], [4.5, 70]]
[[23.5, 70], [15.5, 56]]
[[5.0, 104], [764.5, 190]]
[[13.0, 64], [14.0, 90], [8.5, 108], [5.0, 126], [24.5, 132], [9.0, 154], [13.5, 156], [9.0, 178], [24.5, 162]]
[[3.0, 38], [647.5, 192], [10.5, 114]]
[[16.5, 26], [13.5, 68], [23.5, 180]]
[[13.0, 10], [19.5, 16], [18.5, 24], [15.0, 48], [21.0, 186], [757.0, 194], [20.0, 162]]
[[30.0, 6], [25.0, 8], [5.5, 86], [15.0, 164], [22.0, 192], [9.0, 12], [19.5, 14], [13.0, 58], [16.5, 98], [11.0, 158], [21.0, 162]]
[[1.5, 38], [26.0, 94], [3.0, 116], [25.5, 120], [724.5, 196], [12.0, 64], [12.5, 162], [24.5, 170], [4.5, 186]]
[[21.5, 114], [9.5, 116], [7.5, 170], [14.5, 22], [15.0, 38], [4.5, 50], [22.0, 120], [2.0, 176]]
[[1.5, 88], [19.0, 116], [19.5, 128], [11.0, 184], [2.0, 186], [731.0, 198], [15.5, 54], [24.0, 62], [3.0, 122]]
[[10.0, 58], [25.0, 126], [29.5, 148], [19.0, 174], [26.5, 14], [8.5, 20], [16.5, 70], [23.5, 96], [21.5, 170]]
[[19.5, 42], [6.0, 52], [16.5, 194], [577.0, 200], [19.0, 150], [16.0, 160]]
[[13.5, 68], [14.0, 146], [11.5, 150], [11.5, 190]]
[[23.0, 86], [672.0, 202], [22.0, 2], [4.5, 14], [3.5, 72], [4.5, 90], [11.0, 114], [10.5, 172], [19.0, 182]]
[[15.5, 2], [5.5, 6], [2.5, 76], [13.0, 166], [2.5, 176], [20.0, 32], [14.0, 40], [10.5, 56], [22.0, 74], [24.5, 138], [13.0, 152]]
[[15.5, 116], [21.0, 150], [681.5, 204], [21.5, 124], [19.0, 142]]
[[23.0, 54], [14.5, 86], [10.5, 176], [21.0, 16], [21.0, 82], [22.5, 94], [9.5, 164]]
[[6.0, 46], [3.5, 112], [8.0, 114], [799.5, 206], [23.0, 74]]
[[21.0, 22], [20.5, 194], [3.5, 36], [15.5, 40], [10.5, 44], [13.0, 52], [1.5, 70], [11.0, 104], [16.5, 130], [25.5, 150], [20.5, 192]]
[[23.0, 22], [17.5, 170], [587.0, 208]]
[[20.5, 136], [22.0, 122]]
[[5.5, 196], [24.5, 206], [488.0, 210], [13.0, 20], [3.0, 72]]
[[39.0, 10], [2.0, 172], [20.0, 14], [3.0, 106], [25.0, 170]]
[[19.0, 0], [16.5, 16], [24.0, 26], [5.5, 44], [4.5, 170], [21.0, 190], [665.0, 212], [11.0, 162]]
[[17.5, 54], [13.5, 60], [1.0, 132]]
[[23.5, 12], [1.0, 66], [758.0, 214], [19.5, 64], [13.5, 68], [1.0, 184], [1.5, 190]]
[[3.0, 38], [3.5, 110]]
[[44.5, 18], [24.0, 34], [19.5, 36], [16.0, 96], [9.0, 104], [3.5, 148], [643.5, 216], [13.5, 46], [13.0, 180]]
[[20.5, 8], [19.5, 26], [1.0, 42], [4.5, 174], [20.0, 204], [24.0, 2], [9.0, 32], [10.5, 82], [10.0, 176], [15.5, 178]]
[[24.5, 10], [15.5, 18], [13.0, 48], [14.0, 144], [15.0, 176], [8.5, 216], [808.5, 218], [3.5, 28], [24.5, 54], [12.0, 114]]
[[26.5, 74], [14.0, 122], [23.5, 168], [19.5, 14], [22.0, 32], [25.5, 156], [5.5, 208]]
[[18.0, 92], [10.5, 98], [20.5, 142], [21.0, 148], [24.0, 194], [603.5, 220], [3.5, 66], [22.0, 150]]
[[35.0, 34], [4.5, 152], [16.5, 164], [2.0, 172], [14.5, 208], [2.0, 62], [18.5, 88], [1.0, 140], [18.0, 220]]
[[15.0, 84], [7.5, 132], [17.0, 134], [6.0, 160], [18.5, 182], [24.0, 196], [657.0, 222], [7.5, 0], [15.0, 4], [15.0, 76], [1.0, 98], [24.5, 136], [3.0, 164]]
[[13.0, 46], [4.5, 144]]
[[7.0, 12], [2.0, 20], [3.5, 128], [13.0, 138], [622.5, 224], [22.5, 38]]
[[2.0, 84], [13.5, 148], [13.0, 170], [12.0, 202], [1.5, 22], [14.0, 68], [25.5, 104]]
[[3.5, 168], [15.5, 220], [748.5, 226], [18.5, 16], [20.0, 20], [5.0, 26], [10.0, 84]]
[[9.5, 0], [17.0, 38], [6.0, 66], [16.0, 28], [2.0, 112], [1.0, 178]]
[[8.0, 68], [5.5, 86], [10.0, 98], [23.0, 194], [841.0, 228], [22.0, 72], [20.5, 120], [7.0, 146]]
[[16.5, 90], [20.0, 146], [17.5, 38], [2.5, 124], [18.0, 142]]
[[13.5, 122], [10.5, 128], [11.5, 228], [663.5, 230], [1.0, 52]]
[[4.5, 66], [16.5, 100], [21.5, 114], [8.0, 144]]
[[6.0, 120], [6.0, 146], [650.0, 232], [22.0, 72], [7.0, 114], [23.0, 142], [7.5, 212]]
[[2.5, 92], [14.5, 56], [21.5, 178], [32.0, 202], [12.5, 228]]
[[23.5, 36], [14.0, 142], [15.5, 182], [696.0, 234], [13.0, 88]]
[[25.0, 10], [18.0, 66], [11.5, 78], [23.0, 234], [3.5, 112], [13.5, 114], [23.0, 164], [1.0, 216]]
[[23.0, 16], [2.0, 58], [4.5, 138], [706.0, 236], [23.5, 60]]
[[22.5, 128], [5.5, 236]]
[[10.5, 36], [7.0, 100], [22.0, 106], [1.5, 136], [640.5, 238], [23.5, 82]]
[[23.0, 16], [25.5, 88], [5.5, 120], [17.0, 152], [19.5, 156]]
[[32.0, 196], [741.0, 240], [15.5, 38], [12.0, 218]]
[[9.0, 138], [4.5, 238], [15.0, 240], [6.5, 20], [13.5, 54], [24.5, 82]]
[[22.5, 60], [553.5, 242]]
[[9.5, 142], [21.0, 176], [17.5, 52], [17.0, 76], [9.5, 78], [22.0, 194]]
[[15.0, 74], [9.5, 108], [642.0, 244], [22.0, 138]]
[[12.0, 32], [7.5, 34], [20.0, 74], [17.0, 120], [19.0, 146], [14.0, 192]]
[[13.5, 82], [2.5, 218], [675.0, 246], [13.0, 236]]
[[4.0, 6], [14.0, 56], [9.0, 62], [23.5, 234], [1.5, 218]]
[[6.5, 60], [24.0, 98], [20.0, 192], [750.5, 248], [15.0, 54], [17.0, 58], [19.5, 154]]
[[19.0, 6], [20.5, 24], [7.0, 42], [15.5, 94], [18.0, 140], [12.0, 146], [25.5, 156], [18.0, 198], [12.0, 230]]
[[9.0, 14], [9.5, 198], [620.5, 250], [21.5, 6], [32.5, 66], [16.0, 190], [17.0, 236]]
[[37.5, 52], [23.5, 58], [5.0, 76], [9.5, 104], [3.5, 46], [20.0, 98], [1.5, 198], [26.5, 214]]
[[12.0, 32], [5.0, 54], [2.0, 96], [668.5, 252], [22.5, 2], [28.0, 50], [21.0, 72]]
[[2.0, 68], [16.5, 78], [3.0, 148], [5.5, 244], [8.0, 108], [23.0, 226]]
[[3.0, 10], [8.0, 78], [22.5, 100], [11.0, 240], [5.5, 244], [571.0, 254], [7.0, 136], [4.0, 174]]
[[2.5, 12], [5.0, 30], [4.0, 104], [13.0, 122], [8.5, 162], [20.0, 180], [17.5, 184], [10.0, 242]]
[[7.0, 94], [3.0, 98], [11.5, 112], [12.0, 138], [9.0, 148], [18.5, 180], [7.5, 226], [22.0, 234], [597.5, 256], [14.5, 52]]
[[22.0, 124], [9.5, 174], [3.5, 226], [17.0, 50], [25.5, 212]]
[[24.0, 44], [20.5, 96], [18.5, 106], [3.5, 130], [22.5, 252], [662.0, 258], [13.5, 2], [7.5, 12], [2.5, 34], [20.0, 56], [10.0, 102], [2.0, 124], [7.0, 126], [23.5, 198]]
[[6.5, 78], [5.0, 188], [4.0, 240], [6.0, 244]]
[[23.5, 118], [18.0, 120], [538.0, 260]]
[[17.0, 28], [11.0, 70]]
[[7.0, 74], [12.0, 96], [5.5, 154], [697.5, 262], [7.5, 100], [4.5, 112], [22.5, 186], [10.5, 226]]
[[16.0, 8], [8.0, 224], [10.0, 248], [12.0, 242], [14.5, 244]]
[[12.5, 90], [15.0, 94], [2.0, 182], [6.0, 228], [38.0, 262], [679.0, 264], [6.0, 106], [21.5, 116], [24.5, 152], [21.5, 206]]
[[15.0, 160], [13.5, 178], [22.5, 232]]
[[705.5, 266], [14.5, 138], [22.5, 182], [15.5, 230], [3.0, 252]]
[[18.0, 92], [22.5, 116]]
[[22.0, 0], [18.5, 16], [16.5, 60], [24.5, 92], [5.0, 116], [18.5, 234], [730.0, 268], [22.5, 74]]
[[26.5, 92], [3.0, 158], [5.0, 56], [4.0, 82], [5.5, 106], [3.5, 122], [25.5, 154], [10.5, 204]]
[[22.5, 38], [16.5, 94], [16.0, 108], [685.0, 270], [12.0, 122]]
[[19.5, 138], [15.5, 36], [8.5, 76], [25.0, 194]]
[[23.0, 146], [510.0, 272], [24.0, 66]]
[[7.0, 208], [2.5, 164], [4.5, 210], [24.5, 270]]
[[18.0, 30], [22.5, 58], [2.0, 142], [3.0, 216], [25.5, 230], [689.0, 274], [22.5, 32], [10.5, 106], [19.5, 150]]
[[15.5, 20], [3.0, 96], [2.5, 128], [14.5, 168], [11.5, 196], [8.5, 216]]
[[16.5, 18], [19.5, 92], [21.0, 168], [15.0, 272], [9.5, 274], [648.0, 276], [16.5, 74]]
[[17.0, 252], [4.5, 28], [13.5, 36], [21.0, 90], [2.5, 144], [25.5, 158]]
[[18.0, 158], [535.5, 278]]
[[10.5, 210]]
[[23.5, 64], [14.5, 116], [21.0, 120], [28.5, 272], [612.0, 280], [12.5, 0], [14.5, 12], [11.0, 32], [15.5, 134], [20.5, 244]]
[[22.5, 28], [22.0, 54], [10.5, 96], [17.5, 160], [19.0, 200]]
[[15.5, 76], [4.5, 120], [2.5, 252], [597.0, 282], [11.5, 114]]
[[24.5, 0], [11.0, 82], [24.5, 110], [9.0, 112], [12.0, 116], [11.5, 154], [10.5, 262], [3.0, 264]]
[[658.5, 284], [14.5, 102], [12.5, 118], [19.0, 192]]
[[24.5, 22], [23.5, 156], [11.5, 130], [2.5, 198]]
[[13.0, 64], [518.0, 286], [20.5, 234], [9.5, 236], [25.0, 260]]
[[15.5, 162], [6.5, 154], [9.5, 172], [2.0, 204], [2.0, 254], [2.5, 260], [7.5, 276]]
[[18.5, 2], [4.0, 96], [669.5, 288], [14.0, 68], [18.0, 192]]
[[23.0, 38], [24.5, 126], [25.5, 124], [7.0, 248], [13.0, 282]]
[[18.0, 206], [16.5, 208], [2.5, 238], [715.5, 290], [22.0, 138]]
[[10.0, 28], [7.5, 96], [6.0, 260], [13.0, 264], [10.0, 258]]
[[4.0, 0], [15.5, 36], [5.5, 142], [20.0, 188], [12.0, 240], [593.5, 292], [12.5, 220], [8.0, 234], [8.5, 258]]
[[11.5, 78], [6.5, 82], [20.0, 160], [1.5, 188], [10.0, 258], [8.5, 74], [1.5, 92], [25.0, 174], [24.5, 210], [25.0, 230]]
[[17.0, 24], [12.0, 98], [16.0, 262], [5.5, 264], [759.5, 294], [10.5, 148], [20.5, 178], [13.5, 200], [24.0, 204]]
[[17.0, 258], [19.0, 262], [25.0, 180]]
[[25.5, 150], [608.0, 296], [17.0, 100], [14.0, 204], [8.0, 214]]
[[13.5, 30], [17.0, 222], [8.5, 266], [25.0, 206]]
[[9.0, 26], [6.0, 78], [18.0, 112], [19.5, 122], [12.5, 230], [887.5, 298], [11.5, 24], [21.5, 102], [24.5, 250]]
[[18.0, 196], [13.0, 214], [19.0, 248], [20.5, 186]]
[[23.5, 46], [11.0, 80], [3.5, 146], [13.0, 202], [5.0, 250], [19.5, 298], [548.5, 300], [18.5, 78], [16.5, 290]]
[[11.5, 12], [21.0, 202], [3.0, 204], [17.0, 232], [23.0, 54]]
[[11.0, 64], [7.0, 82], [16.5, 128], [24.5, 144], [682.0, 302], [21.0, 160], [13.0, 260]]
[[4.5, 38], [14.0, 140], [17.5, 152], [6.5, 188]]
[[15.0, 100], [25.5, 148], [3.5, 216], [704.5, 304], [11.5, 96], [22.5, 98], [5.0, 106], [21.5, 114], [4.0, 152], [19.0, 192]]
[[15.5, 82], [4.5, 20], [18.5, 48], [17.5, 88], [6.5, 140], [10.5, 208], [13.5, 298]]
[[2.5, 54], [10.5, 190], [507.5, 306], [14.0, 30], [6.5, 92], [2.5, 300]]
[[18.5, 150], [17.5, 52], [19.0, 62], [3.5, 66]]
[[13.0, 46], [2.5, 132], [2.0, 298], [556.5, 308], [1.5, 270]]
[[2.5, 182], [30.5, 202], [21.5, 24], [17.0, 40], [3.5, 44], [19.5, 208], [22.5, 232], [18.5, 298]]
[[19.0, 92], [23.5, 112], [15.0, 122], [22.0, 180], [21.0, 186], [24.5, 218], [22.0, 304], [747.0, 310], [18.0, 104], [22.0, 128], [23.5, 158], [14.0, 230], [1.5, 242], [10.0, 292]]
[[20.5, 126], [24.5, 176], [23.5, 194], [9.0, 262], [2.5, 166], [19.0, 190], [11.0, 198], [13.5, 220]]
[[17.0, 42], [8.0, 120], [3.5, 176], [686.0, 312], [24.0, 266]]
[[14.0, 0], [5.5, 72], [18.5, 142], [23.0, 226]]
[[16.5, 110], [17.0, 148], [9.0, 282], [531.0, 314], [6.0, 24], [6.5, 200], [4.0, 266]]
[[25.0, 304]]
[[17.0, 176], [555.0, 316], [19.0, 46]]
[[6.5, 18], [4.0, 40], [24.5, 168], [16.5, 186], [10.0, 126], [8.0, 174]]
[[25.0, 128], [582.5, 318], [21.5, 44], [24.0, 224], [23.0, 282], [9.0, 284]]
[[6.5, 26], [11.0, 72], [13.5, 156]]
[[584.5, 320], [19.0, 2], [25.5, 144]]
[[8.0, 76], [5.0, 118], [20.0, 264]]
[[18.0, 40], [24.5, 92], [18.0, 200], [755.5, 322], [5.5, 72], [23.5, 184], [15.0, 196], [4.5, 294]]
[[17.5, 38], [15.5, 46], [24.5, 60], [25.5, 82], [4.5, 114], [10.5, 168]]
[[15.5, 8], [629.0, 324], [8.5, 172], [17.5, 252]]
[[5.5, 52], [15.5, 126], [2.0, 128], [14.0, 236], [20.0, 36], [1.5, 210], [36.0, 224], [4.0, 322]]
[[15.0, 130], [494.0, 326]]
[[12.5, 16], [17.5, 70], [24.0, 80], [14.5, 84], [9.0, 238], [10.5, 50], [5.0, 108], [3.5, 302]]
[[8.5, 12], [20.5, 146], [10.0, 208], [416.5, 328], [25.5, 192]]
[[2.5, 40], [21.5, 52], [20.5, 102], [20.5, 118], [20.0, 192], [14.0, 212], [2.0, 228], [25.5, 148]]
[[24.5, 90], [22.5, 108], [17.5, 290], [3.0, 314], [24.0, 320], [650.5, 330], [6.0, 10], [10.5, 82], [1.5, 92], [12.5, 264]]
[[20.0, 46], [15.5, 114], [15.0, 138], [13.5, 156], [23.0, 266], [21.0, 294], [17.5, 302], [22.0, 24], [17.5, 218], [4.5, 278]]
[[686.0, 332], [20.5, 40], [17.0, 142], [12.0, 190], [5.0, 296]]
[[25.5, 58], [21.5, 310], [11.0, 154]]
[[16.5, 8], [25.5, 230], [528.5, 334], [25.5, 154], [13.0, 168], [19.5, 206], [1.5, 276]]
[[7.0, 6], [25.0, 80], [14.5, 270]]
[[15.0, 72], [25.5, 98], [32.5, 316], [659.5, 336], [12.0, 20], [14.0, 198]]
[[23.5, 76], [25.0, 118], [5.0, 228], [11.0, 274], [13.5, 80], [22.0, 96], [22.0, 132], [12.5, 238], [14.5, 334]]
[[8.0, 48], [1.0, 198], [13.0, 240], [14.5, 260], [12.0, 282], [665.5, 338]]
[[24.0, 168], [6.5, 212], [14.0, 290], [16.5, 292], [3.5, 24], [16.5, 214], [11.5, 230]]
[[12.5, 24], [9.5, 114], [15.5, 290], [630.0, 340], [4.5, 4], [11.5, 42], [15.5, 228]]
[[3.0, 134]]
[[657.0, 342], [19.5, 48]]
[[22.0, 24], [4.0, 100], [15.0, 158], [7.0, 174], [13.0, 276], [24.0, 138], [23.5, 166], [8.5, 320]]
[[21.5, 62], [15.5, 66], [18.5, 128], [11.0, 290], [423.0, 344], [20.5, 134]]
[[15.5, 222], [11.5, 264]]
[[1.0, 88], [412.0, 346], [5.5, 112], [11.5, 138], [6.0, 258]]
[[18.5, 226]]
[[3.5, 204], [577.5, 348], [17.5, 148], [5.5, 214]]
[[20.5, 32], [6.5, 74], [1.5, 92], [18.5, 194], [13.0, 230], [7.5, 268]]
[[21.0, 34], [22.0, 52], [19.5, 130], [15.0, 250], [11.0, 268], [804.5, 350], [12.0, 46], [20.5, 104], [16.0, 114], [3.0, 118], [17.5, 136], [3.5, 160], [13.0, 196]]
[[9.5, 100], [22.5, 168], [8.0, 254], [5.0, 270], [16.0, 288], [10.5, 128], [10.5, 180], [19.5, 308]]
[[14.5, 168], [9.5, 220], [18.5, 270], [4.5, 292], [10.0, 326], [2.5, 334], [690.0, 352], [21.5, 58], [11.5, 86], [25.5, 218], [6.0, 240]]
[[4.5, 22], [6.0, 84], [12.0, 116], [22.0, 202], [2.5, 288], [3.5, 4], [2.0, 64]]
[[479.5, 354], [1.5, 152], [19.0, 190]]
[[11.0, 168], [7.5, 302], [11.5, 32], [6.0, 114], [16.5, 140], [7.5, 228], [8.5, 256], [7.0, 294]]
[[9.5, 72], [16.5, 278], [23.5, 290], [11.0, 348], [580.0, 356]]
[[15.0, 350]]
[[3.5, 2], [4.5, 176], [15.5, 304], [547.0, 358], [9.5, 160], [22.0, 218], [14.5, 284], [22.5, 356]]
[]
[[3.0, 10], [22.0, 18], [12.5, 56], [3.0, 324], [778.5, 360], [2.0, 306]]
[[24.5, 136], [13.5, 140], [12.5, 142], [16.0, 152], [16.0, 290], [13.0, 70], [12.0, 156], [3.0, 158], [3.5, 214]]
[[8.0, 128], [1.0, 226], [447.0, 362]]
[[18.5, 202], [11.5, 326], [20.0, 342], [15.5, 80], [3.5, 192], [18.0, 240]]
[[19.0, 144], [466.5, 364]]
[[17.0, 74], [9.0, 292], [6.5, 182]]
[[500.5, 366], [11.0, 76], [13.0, 104], [9.5, 126]]
[[15.5, 130], [1.0, 178], [2.0, 180]]
[[492.5, 368], [19.0, 64], [20.0, 222]]
[[22.0, 134], [20.5, 174], [24.5, 304], [15.5, 338], [19.0, 340], [9.0, 354], [25.5, 138], [23.0, 216], [24.5, 252]]
[[473.0, 370], [7.5, 138]]
[[7.0, 68], [8.5, 302], [2.0, 306], [17.5, 308], [1.5, 324], [1.5, 66], [19.0, 132], [8.0, 194], [4.5, 212], [10.0, 332]]
[[21.0, 64], [7.0, 210], [634.0, 372], [9.5, 134], [2.5, 146], [25.0, 292], [24.0, 318], [17.0, 340], [23.5, 350]]
[[13.5, 118], [14.0, 228], [17.5, 264], [6.5, 44], [15.0, 94], [2.0, 180]]
[[19.0, 190], [15.5, 270], [28.0, 286], [639.0, 374], [21.5, 102], [6.0, 132], [3.5, 208], [6.0, 294], [19.5, 354]]
[[20.5, 34], [22.5, 338]]
[[6.0, 84], [3.5, 120], [12.0, 266], [21.0, 324], [660.0, 376], [13.5, 158], [10.5, 312]]
[[14.0, 202], [24.5, 288], [1.0, 116], [23.5, 256]]
[[20.5, 120], [14.0, 186], [557.0, 378]]
[[13.5, 24], [16.0, 242], [25.5, 32], [10.5, 50], [16.5, 84], [23.0, 138]]
[[14.0, 160], [10.5, 170], [5.0, 204], [5.5, 334], [447.0, 380], [16.5, 40], [2.0, 78], [14.0, 100], [1.5, 236]]
[[17.5, 36], [18.0, 114], [13.0, 224], [14.5, 284], [9.5, 378], [7.0, 74], [2.0, 368]]
[[18.0, 154], [21.0, 166], [20.0, 318], [505.5, 382], [13.0, 252]]
[[9.5, 42], [15.0, 94], [10.5, 158]]
[[5.5, 116], [13.5, 132], [605.5, 384], [21.0, 124], [22.5, 224], [18.0, 232]]
[[16.5, 4], [4.0, 194], [25.0, 268]]
[[9.0, 88], [7.0, 100], [25.5, 280], [545.5, 386], [2.0, 52], [19.5, 158], [21.5, 292], [2.0, 346], [15.5, 356]]
[[24.0, 24], [24.0, 268], [25.0, 36]]
[[3.0, 32], [12.0, 166], [19.5, 264], [25.0, 338], [8.5, 366], [694.0, 388], [7.5, 84], [20.5, 300], [4.5, 350]]
[[17.5, 38], [25.0, 110], [22.0, 164], [13.5, 116], [15.5, 184]]
[[2.0, 190], [13.0, 302], [19.0, 338], [729.0, 390], [25.5, 64], [18.0, 114], [19.5, 132], [22.5, 164], [6.0, 178], [6.0, 384]]
[[15.0, 134], [16.5, 260], [12.5, 308], [17.5, 338], [23.5, 70], [4.5, 82], [3.0, 88], [10.5, 304], [17.0, 326], [15.5, 360]]
[[7.0, 126], [14.5, 218], [478.0, 392], [6.5, 214], [12.5, 278]]
[[18.5, 180], [4.0, 204], [3.0, 268], [19.5, 10], [8.5, 58], [12.0, 104], [12.5, 144], [25.0, 366]]
[[3.0, 36], [14.0, 142], [17.0, 144], [4.0, 200], [7.0, 296], [697.0, 394], [10.0, 26], [17.5, 94], [3.0, 148], [2.5, 164], [16.5, 230], [7.5, 246], [11.5, 290]]
[[1.0, 212], [19.5, 264], [2.0, 288], [24.0, 342], [4.0, 362], [3.0, 380], [19.5, 72], [8.0, 306]]
[[25.5, 12], [24.5, 130], [10.0, 158], [4.5, 298], [21.5, 320], [625.0, 396], [12.5, 356]]
[[14.5, 112], [3.0, 130]]
[[6.0, 322], [661.0, 398], [12.0, 300]]
[[16.5, 298], [8.0, 368], [18.0, 22]]
[[6.5, 58], [6.0, 108], [19.0, 206], [18.5, 358], [644.0, 400], [23.0, 6], [32.5, 42], [10.5, 104], [22.0, 158], [8.0, 194], [17.5, 222]]
[[11.0, 60], [25.0, 8], [12.0, 270], [5.5, 392]]
[[3.5, 124], [1.5, 272], [8.0, 386], [513.0, 402], [8.5, 188], [4.5, 266], [16.0, 346], [20.0, 378]]
[[2.5, 354], [14.5, 308], [22.0, 336], [19.0, 340]]
[[13.0, 124], [7.5, 126], [8.0, 154], [674.0, 404], [24.5, 190], [2.5, 236], [14.0, 306]]
[[1.0, 50], [40.0, 316], [7.0, 72], [5.0, 216], [11.5, 236], [13.0, 248], [16.0, 266], [23.5, 308]]
[[7.5, 74], [19.0, 186], [20.0, 246], [2.0, 310], [665.5, 406], [23.5, 306], [17.5, 340]]
[[10.5, 124], [25.5, 52], [8.5, 78], [17.0, 278], [23.5, 336], [20.5, 358]]
[[514.5, 408], [23.0, 132], [1.0, 180], [25.5, 204], [9.0, 284]]
[[15.5, 88], [19.0, 102], [3.5, 322], [25.0, 384], [23.0, 34], [16.5, 192]]
[[23.5, 260], [6.5, 308], [14.0, 398], [589.5, 410]]
[[21.0, 54], [12.0, 258], [7.5, 92], [17.0, 132], [2.5, 236], [7.0, 288], [4.0, 306]]
[[455.5, 412], [10.0, 148], [24.5, 290], [13.0, 342]]
[[22.5, 62], [11.5, 80], [22.5, 306], [17.0, 308], [1.5, 328], [10.0, 66], [15.5, 88], [16.0, 294], [3.5, 296], [2.5, 350]]
[[27.5, 172], [620.0, 414], [9.5, 164], [19.5, 376]]
[[12.0, 10], [14.0, 54], [8.0, 82], [4.5, 90], [27.5, 100], [22.5, 116], [10.5, 122], [10.5, 308], [20.0, 98]]
[[4.0, 168], [19.5, 184], [20.0, 192], [6.5, 194], [651.0, 416], [11.0, 38], [10.0, 70], [17.5, 180]]
[[4.0, 208], [6.0, 248], [9.5, 274], [1.0, 92], [20.5, 276], [20.5, 292]]
[[11.0, 30], [2.0, 52], [1.0, 156], [10.0, 236], [22.5, 390], [533.0, 418]]
[[20.0, 22], [12.0, 108], [11.0, 300], [3.5, 418], [1.0, 18]]
[[15.5, 106], [19.0, 250], [23.0, 350], [24.0, 378], [3.0, 414], [686.0, 420], [5.0, 196], [23.0, 238], [8.5, 290]]
[[10.0, 62], [16.5, 26], [11.0, 368]]
[[25.0, 104], [5.0, 126], [3.5, 176], [10.0, 230], [15.5, 246], [4.5, 346], [617.0, 422], [4.0, 186], [14.0, 248], [21.5, 368]]
[[13.0, 292], [6.0, 68], [18.0, 152], [12.0, 180], [4.0, 234], [25.5, 376]]
[[535.0, 424], [18.0, 86], [18.0, 94], [6.0, 96]]
[[15.0, 132], [18.5, 204], [22.5, 262], [7.5, 380], [23.5, 58]]
[[21.5, 10], [8.0, 22], [7.5, 52], [2.5, 156], [13.5, 366], [463.5, 426], [13.0, 250]]
[[20.0, 50], [11.5, 270], [2.5, 390], [23.5, 104], [13.0, 292], [1.5, 348]]
[[8.0, 78], [11.0, 108], [15.5, 330], [18.5, 344], [14.5, 350], [648.5, 428], [19.0, 358]]
[[10.5, 36], [22.0, 80], [6.5, 274], [11.5, 294], [14.5, 328]]
[[6.0, 6], [1.0, 358], [19.0, 402], [503.5, 430], [13.5, 98]]
[[1.0, 110], [2.5, 340]]
[[5.5, 226], [16.0, 298], [4.5, 318], [21.0, 394], [583.5, 432], [10.0, 232], [24.0, 360]]
[[20.5, 80], [21.0, 168], [20.0, 170], [25.0, 396]]
[[3.5, 84], [21.0, 196], [18.0, 228], [22.0, 318], [548.0, 434], [9.5, 140], [7.5, 222], [25.0, 290], [19.0, 386]]
[[1.0, 30], [21.0, 38], [13.0, 42], [4.5, 188], [14.5, 406], [17.0, 8], [21.0, 66], [24.0, 94], [21.0, 142], [7.5, 184]]
[[13.0, 146], [12.0, 348], [20.0, 362], [23.0, 388], [503.0, 436], [14.0, 68], [23.5, 274], [5.5, 410], [11.5, 424]]
[[10.5, 166], [9.5, 254], [17.0, 420], [13.0, 238], [22.5, 240]]
[[4.0, 176], [510.5, 438], [22.5, 110], [8.5, 432]]
[[14.0, 274], [1.5, 8], [22.5, 44], [5.0, 202], [12.5, 230], [23.0, 376], [8.5, 428]]
[[571.0, 440], [7.0, 0], [23.5, 58], [12.5, 78]]
[[20.5, 12], [2.0, 112], [9.0, 240], [22.0, 270], [4.0, 352], [7.5, 68], [24.0, 212], [11.5, 218], [20.0, 260]]
[[20.0, 54], [15.0, 232], [479.5, 442], [7.0, 376]]
[[9.5, 26], [24.0, 104], [14.0, 132], [5.0, 70], [18.0, 88], [3.5, 160]]
[[18.0, 156], [25.5, 424], [599.0, 444], [3.0, 238], [19.5, 280], [18.5, 432]]
[[14.5, 28], [15.5, 38], [12.0, 172], [13.0, 280], [10.0, 356], [11.0, 186], [6.0, 228], [4.5, 238], [6.0, 306], [3.0, 336]]
[[3.5, 268], [1.0, 318], [443.0, 446], [21.0, 236], [8.0, 254]]
[[22.5, 28], [12.0, 178], [6.0, 260], [17.5, 442], [9.5, 108], [14.0, 412]]
[[2.5, 4], [21.0, 76], [13.0, 220], [10.5, 228], [20.0, 250], [22.5, 310], [2.0, 408], [580.5, 448], [5.5, 2], [14.5, 12], [25.0, 30], [8.0, 296]]
[[14.0, 172], [9.5, 64], [17.5, 96], [18.5, 206], [9.0, 258]]
[[6.0, 206], [36.0, 244], [18.5, 338], [1.0, 356], [8.0, 394], [755.0, 450], [13.5, 6], [21.5, 320], [17.0, 376]]
[[11.5, 24], [24.0, 304], [1.5, 298]]
[[24.0, 236], [24.5, 448], [616.5, 452], [24.5, 322]]
[[3.0, 162], [6.0, 168], [8.5, 204], [13.0, 398], [20.5, 22], [25.5, 112], [23.5, 228], [24.0, 232], [25.5, 274], [5.5, 282]]
[[4.0, 294], [608.0, 454], [20.0, 174], [23.0, 190], [10.0, 242]]
[[7.0, 106], [13.0, 120], [18.5, 382], [22.5, 388]]
[[19.0, 86], [13.0, 244], [679.5, 456], [16.5, 358]]
[[14.0, 142], [16.5, 144], [9.0, 10], [6.0, 130], [5.0, 230], [3.5, 272], [6.0, 362], [23.5, 388]]
[[1.5, 62], [19.0, 98], [15.0, 220], [17.5, 330], [5.5, 410], [471.0, 458], [17.5, 316], [15.0, 388]]
[[8.0, 306], [19.5, 148], [24.0, 186], [13.5, 214], [1.0, 416]]
[[4.0, 336], [440.5, 460], [13.0, 64], [8.0, 414]]
[[8.0, 52], [8.5, 114], [12.5, 160], [17.0, 294], [19.0, 296], [2.0, 336], [3.0, 410], [9.0, 110], [12.5, 396]]
[[12.5, 306], [14.5, 340], [15.5, 450], [11.5, 456], [671.5, 462], [12.0, 30], [4.5, 218], [14.5, 426]]
[[17.5, 182], [7.0, 426], [6.0, 458]]
[[511.0, 464], [2.0, 106], [17.0, 112], [17.5, 282]]
[[22.5, 208], [8.0, 228], [19.5, 2], [18.5, 168], [4.5, 262], [9.0, 280], [1.0, 358], [25.0, 418]]
[[20.0, 114], [3.5, 170], [20.5, 338], [6.0, 364], [633.5, 466], [18.0, 36], [25.0, 40], [25.5, 250], [1.5, 292], [18.5, 332], [24.0, 368], [4.5, 442]]
[[6.5, 18], [15.0, 132], [15.0, 444], [8.0, 138], [3.0, 318], [15.0, 466]]
[[8.5, 4], [1.5, 10], [6.0, 80], [18.5, 96], [22.0, 240], [8.0, 368], [2.5, 464], [655.0, 468], [9.5, 190], [12.0, 264], [17.5, 456], [18.0, 462]]
[[16.0, 60], [11.5, 80], [23.5, 120], [23.5, 182], [6.5, 366], [16.0, 300], [13.5, 408]]
[[17.0, 62], [14.5, 158], [13.5, 436], [14.5, 452], [568.0, 470], [9.0, 326], [8.0, 434]]
[[11.0, 78], [18.0, 144], [20.5, 362], [11.5, 198], [11.5, 242], [8.5, 248]]
[[23.5, 34], [561.0, 472], [21.0, 258], [18.5, 386]]
[[4.0, 322], [7.5, 328], [10.5, 352], [6.0, 392]]
[[19.5, 102], [21.0, 166], [11.5, 368], [6.0, 438], [10.0, 452], [662.0, 474], [20.5, 18], [14.5, 24], [7.0, 32], [18.5, 62], [18.0, 146]]
[[20.0, 356], [7.0, 138], [21.5, 244], [18.0, 316]]
[[9.0, 150], [3.0, 152], [19.5, 332], [5.0, 442], [698.5, 476], [17.5, 110], [18.5, 114], [24.0, 218], [23.0, 312], [7.0, 324]]
[[18.5, 160], [13.5, 144], [5.0, 148], [18.0, 158], [5.0, 174], [10.5, 322], [18.5, 414], [23.5, 418]]
[[24.0, 198], [9.5, 322], [594.0, 478], [4.0, 24], [17.5, 152], [20.5, 200], [17.5, 476]]
[[11.5, 64], [17.0, 282], [13.0, 364]]
[[7.0, 194], [13.5, 218], [12.0, 278], [4.0, 302], [6.0, 320], [1.5, 350], [17.0, 390], [18.0, 468], [422.0, 480], [14.5, 154]]
[[1.5, 126], [7.5, 146], [21.0, 396], [25.0, 166]]
[[6.0, 218], [519.0, 482], [24.0, 354]]
[[20.5, 98], [2.5, 234], [10.0, 434], [9.5, 188]]
[[17.0, 306], [584.0, 484], [22.5, 74], [3.0, 82], [3.5, 294], [23.0, 332], [23.0, 342], [21.5, 360]]
[[4.0, 12], [1.5, 146], [23.5, 306], [17.0, 470], [10.0, 72], [7.5, 82], [24.0, 416]]
[[2.5, 144], [18.0, 212], [22.0, 460], [674.5, 486], [2.0, 14], [14.5, 134], [19.5, 158], [24.5, 226], [20.0, 364], [5.5, 476]]
[[15.0, 10], [22.5, 78], [22.0, 140], [11.0, 410], [14.5, 194], [12.0, 304]]
[[20.0, 438], [23.5, 472], [499.5, 488], [5.5, 404]]
[[3.0, 18], [11.5, 274], [9.5, 400], [20.5, 302], [13.0, 446]]
[[15.5, 154], [488.0, 490], [13.0, 360], [24.5, 450]]
[[22.0, 236], [14.5, 400], [9.5, 312], [16.5, 460]]
[[16.0, 10], [7.0, 192], [10.0, 290], [651.5, 492], [6.5, 36], [20.5, 78], [20.0, 82], [17.5, 162], [24.0, 390], [24.5, 394]]
[[3.0, 14], [5.0, 46], [25.5, 392], [4.5, 316]]
[[5.0, 286], [514.0, 494]]
[[9.0, 178], [6.5, 146], [6.0, 236], [22.5, 464]]
[[549.0, 496], [10.5, 442]]
[[20.0, 164], [16.5, 204], [6.5, 342], [6.5, 0], [1.5, 22], [16.5, 260]]
[[5.0, 10], [14.5, 380], [5.5, 390], [573.5, 498], [23.0, 208], [6.5, 246]]
[[1.5, 106], [22.5, 28]]
[[37.5, 224], [4.0, 232], [22.0, 360], [721.0, 500], [25.0, 36], [10.5, 80]]
[[20.5, 446], [24.0, 452], [17.5, 500]]
[[538.0, 502], [22.5, 126]]
[[9.0, 10], [16.0, 62], [20.5, 158], [4.0, 180], [2.5, 442]]
[[7.0, 76], [25.0, 134], [18.0, 260], [25.5, 396], [594.0, 504], [10.0, 250], [9.5, 268], [25.0, 336], [6.5, 338], [15.5, 348]]
[[22.5, 426], [17.5, 466], [24.0, 42], [17.0, 188], [20.5, 412]]
[[19.0, 68], [23.0, 172], [12.5, 348], [848.0, 506], [16.5, 36], [25.0, 308], [8.0, 334], [9.5, 346], [2.0, 388]]
[[5.5, 290], [17.5, 6], [6.5, 232], [15.5, 342], [13.0, 456]]
[[7.0, 50], [10.0, 104], [8.5, 148], [7.0, 220], [9.5, 466], [584.5, 508], [16.0, 62], [18.0, 128], [19.5, 150], [13.0, 238], [17.5, 486]]
[[5.0, 446], [14.0, 290]]
[[10.5, 52], [1.5, 84], [20.5, 102], [16.5, 184], [2.5, 240], [14.5, 262], [543.0, 510], [9.5, 2], [17.0, 168]]
[[2.0, 280], [11.5, 386], [13.0, 114], [24.0, 284], [20.5, 466], [20.0, 488]]
[[12.0, 152], [24.5, 316], [23.5, 354], [2.5, 380], [573.5, 512], [19.0, 122], [4.5, 416], [2.0, 478], [17.5, 504]]
[[4.5, 234], [19.5, 248], [4.5, 472], [5.5, 486], [13.0, 124], [16.0, 186], [25.0, 284], [18.5, 298], [22.0, 332], [21.0, 468]]
[[13.0, 470], [528.5, 514], [10.5, 108], [22.0, 168], [3.5, 266]]
[[13.5, 6], [6.5, 18], [15.5, 100], [16.5, 202], [17.0, 302], [19.0, 374], [11.0, 448]]
[[17.5, 274], [18.5, 396], [521.5, 516], [14.5, 42], [2.0, 292]]
[[31.0, 110], [15.0, 154], [10.0, 190], [1.5, 220], [1.0, 230], [11.5, 474], [23.5, 502], [3.0, 514], [4.0, 458]]
[[14.5, 66], [6.0, 90], [22.5, 216], [1.0, 402], [432.0, 518]]
[[20.5, 48], [23.5, 212], [24.0, 340]]
[[2.5, 36], [4.5, 422], [22.5, 474], [553.0, 520], [21.5, 172], [13.5, 176], [22.5, 206], [13.5, 394], [20.5, 460]]
[[23.0, 162], [16.0, 186], [11.0, 478], [15.0, 488]]
[[4.5, 86], [5.5, 140], [546.0, 522], [15.5, 338], [19.5, 486], [22.5, 498]]
[[21.5, 324], [4.0, 412], [2.5, 142], [15.0, 410]]
[[16.0, 246], [23.5, 452], [24.5, 506], [513.5, 524], [10.5, 164], [6.0, 190]]
[[12.0, 16], [13.5, 72], [7.5, 108]]
[[14.0, 112], [22.0, 496], [610.5, 526], [10.0, 204], [13.5, 370], [6.0, 422]]
[[23.5, 288], [8.0, 50], [9.5, 52], [2.0, 408], [19.5, 514]]
[[2.0, 202], [13.5, 416], [11.5, 500], [528.5, 528], [9.5, 36], [1.0, 72], [17.5, 100]]
[[7.0, 342], [7.0, 434], [10.0, 510]]
[[2.0, 44], [24.0, 506], [373.5, 530], [5.0, 142]]
[[5.0, 8], [9.5, 24], [14.5, 134], [21.0, 482], [19.0, 148], [19.5, 176], [7.5, 500]]
[[13.5, 230], [25.0, 492], [535.5, 532], [13.0, 14], [8.0, 26], [5.5, 58], [5.5, 100], [9.0, 108], [15.5, 134]]
[[12.0, 358], [20.5, 528], [18.0, 24], [7.0, 172], [6.5, 252], [5.5, 342], [4.5, 524]]
[[19.0, 48], [518.0, 534], [7.5, 2], [18.0, 122], [13.0, 176], [19.5, 310], [21.0, 440]]
[[9.0, 170], [24.5, 298], [15.5, 428], [18.0, 432], [21.5, 494], [8.5, 288]]
[[4.0, 96], [5.0, 122], [22.0, 146], [5.5, 534], [733.0, 536], [16.5, 238], [11.0, 282], [9.5, 406], [19.0, 480]]
[[22.5, 10], [22.5, 44], [14.5, 490], [13.5, 508]]
[[7.5, 50], [3.0, 184], [16.5, 260], [21.0, 462], [624.0, 538], [15.0, 198], [1.0, 226]]
[[5.0, 522], [19.0, 64], [11.5, 422]]
[[24.0, 12], [24.0, 328], [439.5, 540], [11.0, 50], [23.0, 118], [8.5, 130], [1.5, 150]]
[[13.5, 2], [4.5, 28], [2.0, 162], [11.0, 258], [20.5, 290], [16.5, 358], [21.0, 370], [20.5, 34], [15.0, 44], [22.0, 360], [13.5, 438], [21.5, 476], [17.5, 504], [3.0, 508]]
[[3.0, 466], [542.5, 542]]
[[7.0, 134], [15.0, 368], [1.0, 174], [14.5, 360]]
[[2.0, 52], [24.5, 322], [15.0, 432], [557.5, 544], [21.0, 90]]
[[1.0, 66], [3.5, 240], [21.0, 422], [20.0, 470], [14.0, 526]]
[[37.0, 246], [453.5, 546], [9.5, 222], [22.0, 492]]
[[7.5, 370], [13.0, 398], [13.0, 488], [2.0, 30], [21.0, 284], [38.5, 336]]
[[7.5, 56], [15.5, 144], [15.5, 240], [11.5, 328], [24.0, 368], [473.5, 548], [15.0, 408], [6.5, 442]]
[[19.0, 20], [6.5, 142], [24.5, 324], [9.0, 348], [11.5, 360]]
[[502.0, 550], [19.5, 54], [14.0, 220], [12.0, 376]]
[[3.5, 144], [19.0, 236], [3.0, 430], [1.5, 74], [13.5, 266], [10.0, 270], [5.5, 280], [18.5, 390], [3.0, 418]]
[[20.5, 470], [551.0, 552], [1.5, 84], [22.5, 264], [21.5, 284], [8.0, 310], [15.0, 510], [1.0, 520]]
[[23.0, 8], [16.0, 88], [7.0, 136], [16.5, 304], [4.5, 500], [18.0, 442]]
[[502.5, 554], [24.0, 210], [10.5, 246]]
[[5.5, 22], [9.0, 36], [13.0, 94], [21.0, 144], [3.0, 52], [17.0, 124], [20.0, 388], [24.5, 406], [9.0, 416], [23.0, 424], [16.5, 456]]
[[14.5, 180], [22.0, 252], [23.0, 428], [431.5, 556], [6.5, 162], [24.5, 298], [3.0, 318]]
[[7.0, 26], [1.0, 262], [9.5, 448]]
[[1.5, 186], [22.0, 282], [6.0, 462], [12.5, 512], [534.0, 558], [25.0, 132], [25.5, 260]]
[[15.0, 350], [24.5, 380], [23.0, 142], [23.0, 148], [15.5, 214], [18.5, 234]]
[[521.0, 560], [24.5, 474]]
[[1.5, 114], [8.5, 230], [7.0, 2], [22.0, 196], [13.0, 360]]
[[25.0, 92], [6.0, 176], [21.0, 198], [15.0, 242], [466.0, 562], [13.5, 544]]
[[10.5, 12], [17.5, 126], [13.0, 162], [5.0, 342], [21.5, 378], [25.0, 466], [1.5, 476]]
[[10.0, 152], [443.0, 564], [8.5, 94], [6.5, 174], [20.5, 176], [24.5, 344], [3.0, 378]]
[[23.0, 298], [25.0, 20], [23.0, 542]]
[[7.5, 364], [4.5, 432], [577.5, 566], [12.0, 122], [4.5, 202], [4.5, 270], [13.5, 320], [11.0, 346], [12.5, 532], [9.5, 550]]
[[17.0, 86], [10.5, 272], [13.5, 468], [23.0, 476], [12.0, 360]]
[[25.0, 0], [21.5, 220], [23.0, 500], [550.0, 568], [5.0, 160], [7.0, 172], [12.5, 466]]
[[12.0, 278], [15.5, 408], [23.5, 486], [15.5, 30], [5.0, 42], [6.5, 128], [23.5, 514]]
[[3.0, 34], [17.0, 86], [12.5, 108], [17.0, 540], [689.0, 570], [14.0, 10], [20.5, 58], [18.5, 160], [7.5, 430]]
[[25.5, 110], [2.5, 218], [22.0, 382], [2.5, 384], [24.0, 454], [4.5, 552], [1.5, 58], [17.5, 316], [8.0, 328], [25.5, 388], [6.5, 516]]
[[17.0, 70], [23.0, 94], [8.0, 196], [15.5, 316], [15.0, 398], [6.0, 414], [677.0, 572], [18.5, 494]]
[[7.5, 148], [14.0, 394], [10.0, 514], [17.0, 24], [16.0, 312], [4.5, 376], [20.5, 498], [19.5, 510], [11.0, 536], [22.0, 572]]
[[360.0, 574], [19.5, 450]]
[[5.5, 80], [16.0, 472], [5.5, 130], [15.5, 226], [19.0, 248], [15.0, 442]]
[[25.5, 38], [701.0, 576], [23.0, 62], [8.5, 100], [2.5, 220]]
[[12.0, 166], [3.5, 440], [9.5, 446], [20.0, 456]]
[[4.0, 134], [472.0, 578], [14.0, 166], [7.0, 206], [16.0, 572]]
[]
[[10.0, 422], [438.0, 580], [11.0, 204], [18.5, 248]]
[[8.5, 36], [1.5, 162], [3.0, 190], [4.0, 248], [5.5, 256], [6.0, 436], [7.0, 484], [12.0, 530], [8.0, 204], [8.5, 332]]
[[21.0, 216], [16.5, 378], [575.5, 582], [14.5, 96], [18.0, 434]]
[[11.0, 136], [5.5, 266], [10.0, 282], [11.0, 568]]
[[10.5, 96], [12.0, 184], [20.5, 408], [13.0, 430], [489.5, 584], [16.5, 262]]
[[7.0, 6], [14.0, 14], [15.0, 34], [9.5, 20], [14.0, 196], [8.5, 520]]
[[412.5, 586], [23.5, 228]]
[[24.5, 360], [23.5, 116], [5.5, 244], [20.0, 410]]
[[24.5, 68], [12.5, 338], [9.5, 396], [3.5, 412], [3.0, 556], [549.5, 588], [25.5, 572]]
[[20.5, 18], [19.5, 52], [18.0, 452], [13.5, 230], [10.5, 520], [13.5, 528], [6.5, 552]]
[[12.5, 14], [1.5, 198], [22.0, 496], [646.5, 590], [1.5, 342], [19.0, 430], [23.0, 578]]
[[1.5, 456], [14.5, 8], [14.0, 106], [9.5, 588]]
[[20.0, 332], [1.5, 566], [526.0, 592], [2.0, 130], [2.5, 182], [22.5, 584]]
[[20.0, 136], [11.0, 92]]
[[8.5, 490], [8.5, 592], [585.0, 594], [18.0, 86], [14.5, 396], [13.5, 528]]
[[21.0, 218], [22.0, 480]]
[[20.0, 58], [19.5, 74], [22.5, 88], [16.0, 246], [3.5, 258], [11.5, 542], [669.5, 596], [14.0, 72], [10.5, 270], [11.0, 320], [20.0, 440]]
[[19.5, 102], [3.5, 106], [22.0, 142], [9.0, 116], [18.0, 276]]
[[490.5, 598], [1.5, 178], [12.5, 220], [20.0, 290], [11.0, 444], [19.0, 500]]
[[21.5, 404], [19.0, 120], [11.0, 368]]
[[22.0, 36], [25.5, 112], [9.0, 164], [2.0, 450], [579.0, 600], [12.0, 50], [19.5, 144], [23.0, 404], [8.0, 588]]
[[16.0, 122], [9.5, 270], [13.0, 386], [23.5, 424], [20.5, 438], [4.5, 506], [11.0, 144], [12.0, 288], [2.5, 402], [22.5, 434]]
[[7.0, 46], [14.0, 526], [557.5, 602], [9.0, 304]]
[[6.5, 34], [7.0, 142], [8.5, 232], [4.5, 540], [13.5, 432], [5.5, 530], [6.5, 536]]
[[16.0, 120], [6.5, 298], [2.0, 540], [19.0, 588], [533.0, 604], [13.0, 48], [6.0, 152], [23.0, 190], [14.5, 240], [22.5, 274], [24.0, 534]]
[[1.5, 542]]
[[1.5, 88], [24.0, 188], [14.5, 318], [7.0, 370], [417.0, 606], [7.0, 232]]
[[3.0, 132], [22.5, 558], [8.0, 14], [8.5, 174], [6.5, 298], [25.5, 444]]
[[25.0, 116], [25.5, 312], [4.5, 434], [13.5, 466], [18.0, 602], [498.5, 608], [5.5, 412]]
[[24.5, 204]]
[[21.0, 128], [7.0, 232], [4.0, 332], [517.5, 610], [10.5, 12], [17.5, 36], [4.0, 102], [13.0, 226]]
[[13.5, 108], [6.5, 254], [21.5, 34]]
[[505.5, 612], [6.5, 460]]
[[14.0, 144], [7.0, 598]]
[[5.0, 138], [19.0, 176], [16.5, 210], [23.0, 350], [23.0, 410], [12.5, 424], [547.5, 614], [20.0, 102], [14.5, 198], [15.0, 388], [11.0, 406]]
[[20.0, 136], [3.0, 48], [11.0, 146], [10.5, 316]]
[[587.0, 616], [5.5, 182], [7.0, 490]]
[[14.0, 280], [11.5, 78], [15.5, 112], [5.5, 136], [16.0, 146], [19.0, 308], [18.0, 458], [15.0, 526]]
[[10.5, 508], [3.5, 540], [408.0, 618], [6.5, 240]]
[[1.0, 160], [1.5, 594]]
[[18.0, 48], [9.5, 138], [3.5, 218], [477.0, 620], [1.0, 446]]
[[1.0, 60], [10.0, 204], [8.0, 130], [18.0, 228], [1.0, 330], [3.5, 530]]
[[7.0, 100], [24.5, 190], [1.0, 414], [15.0, 444], [549.0, 622], [19.5, 66], [11.5, 120], [1.5, 202], [24.5, 450], [9.5, 584], [7.0, 618]]
[[13.0, 322], [7.0, 130]]
[[7.5, 162], [15.5, 380], [21.5, 572], [421.5, 624]]
[[4.0, 62], [18.0, 168], [19.5, 462], [4.5, 572], [22.5, 500], [18.5, 590]]
[[3.0, 254], [389.5, 626], [14.0, 82], [12.5, 118], [1.0, 210], [7.5, 546], [11.0, 598], [14.5, 600]]
[[24.0, 152], [25.0, 336]]
[[25.0, 104], [21.5, 84], [16.0, 224], [22.5, 248], [4.0, 568], [17.5, 624], [350.0, 628]]
